Ejecutando ecoli con 20 restricciones y semilla 1345378882,
mejor valoracion ini: 806.279
Mejor solucion Memetico
Error: 185
Desviacion General: 3.43749
Valoracion: 24.3601
6 2 2 2 2 7 6 2 2 7 2 2 7 7 6 2 7 2 4 6 1 4 2 2 6 1 2 4 2 5 2 6 6 2 2 2 6 2 4 2 7 7 7 2 4 7 6 2 6 6 7 4 7 7 2 6 0 4 6 2 2 6 5 6 2 2 0 2 2 2 2 7 2 6 2 2 6 7 6 4 2 1 1 2 2 0 6 6 2 7 2 7 0 2 7 7 2 2 2 7 2 6 4 2 6 2 4 2 6 2 2 2 2 7 2 2 6 6 2 2 2 2 6 2 6 6 2 5 2 2 2 7 5 4 6 4 4 7 2 7 7 2 6 4 2 6 2 7 2 2 7 7 7 6 4 2 2 6 6 3 6 2 6 2 2 6 1 7 6 7 1 2 2 6 6 2 6 2 2 6 2 2 2 2 2 6 2 2 6 2 2 2 2 6 2 2 2 6 6 6 4 2 7 6 4 7 7 2 4 2 7 6 0 6 2 2 2 7 2 4 2 6 2 3 2 6 4 6 6 2 2 7 6 2 7 7 2 2 2 4 2 7 4 2 2 6 4 7 6 2 6 6 2 2 1 6 0 5 6 6 2 4 2 6 6 1 7 7 4 6 1 2 6 2 2 2 1 2 6 4 2 2 2 7 5 2 2 2 2 6 2 2 2 7 5 6 7 7 2 6 2 7 7 2 4 1 1 0 1 7 6 6 2 2 7 2 4 0 2 6 6 7 0 4 1 4 0 2 2 6 2 5 7 6 3 5 
Evaluaciones: 100031
Generaciones: 1493
Tiempo memetico: 345.349

<------------------------------------------------------------------------->

mejor valoracion ini: 806.279
Mejor solucion AGE-UN
Error: 162
Desviacion General: 2.20417
Valoracion: 20.5256
7 0 0 0 0 3 7 0 0 3 0 0 3 3 7 0 3 0 1 7 6 5 0 0 7 4 0 1 0 5 0 7 7 0 0 0 7 0 1 0 3 3 3 0 1 3 7 0 7 7 3 1 3 3 0 7 5 1 7 0 0 7 1 7 0 0 5 0 0 0 0 3 0 7 0 0 7 3 7 1 0 1 6 0 0 5 7 7 0 3 0 3 2 0 3 3 0 0 0 2 0 7 1 0 7 0 1 0 7 0 0 0 0 3 0 0 7 7 0 0 0 0 7 0 7 7 0 6 0 0 0 3 4 1 7 1 1 3 0 3 3 0 7 1 0 7 0 3 0 0 3 4 3 7 1 0 0 7 7 0 7 0 7 0 0 7 6 3 7 3 6 0 0 7 7 0 7 0 0 7 0 0 0 0 0 7 0 0 7 0 0 0 0 7 0 0 0 7 7 2 1 0 3 7 1 3 3 0 1 0 3 7 2 7 0 0 0 3 0 1 0 7 0 0 0 7 1 7 7 0 0 3 7 0 3 3 0 0 0 1 0 3 1 0 0 7 1 3 7 0 7 7 0 0 6 7 1 5 7 7 0 1 0 7 7 4 3 3 1 7 5 0 7 0 0 0 6 0 7 5 0 0 0 3 6 0 0 0 0 7 0 0 0 3 2 7 3 3 0 7 0 3 3 0 1 6 4 4 6 3 7 7 0 0 5 0 1 6 0 7 7 3 1 1 6 1 2 0 0 7 0 6 3 7 4 4 
Evaluaciones: 100011
Generaciones: 1961
Tiempo AGE-UN: 699.129

<------------------------------------------------------------------------->

mejor valoracion ini: 805.336
Mejor solucion AGE-SF
Error: 387
Desviacion General: 1.87738
Valoracion: 45.6452
0 6 6 6 6 5 0 6 6 5 6 6 5 5 0 6 5 6 7 0 3 7 6 6 0 3 6 7 6 4 6 0 0 6 6 6 0 6 1 6 5 5 5 6 2 5 0 6 0 0 5 7 5 5 6 0 4 7 0 6 6 0 7 0 6 6 4 6 6 6 6 3 6 0 6 6 1 5 0 4 6 7 3 6 6 2 0 0 6 2 6 5 3 6 5 5 6 6 6 5 6 0 7 6 0 6 7 6 0 6 6 6 6 5 6 6 0 0 6 6 6 6 0 6 0 0 6 1 6 6 6 5 3 7 0 3 4 5 6 5 5 6 0 1 6 0 6 2 6 6 5 5 5 0 3 6 6 0 0 6 0 6 1 6 6 0 3 5 1 5 3 6 6 0 0 6 0 6 6 0 6 6 6 6 6 2 6 6 0 6 6 6 6 0 6 6 6 0 0 0 7 6 5 0 7 5 1 6 3 6 5 0 3 0 6 6 6 5 6 7 6 0 6 6 6 0 7 0 0 6 6 5 0 6 5 4 6 6 6 7 6 5 7 6 6 0 7 5 0 6 0 0 6 6 3 0 7 1 0 0 6 7 6 0 0 3 5 5 7 0 7 6 0 6 6 6 3 6 0 7 6 6 6 5 2 6 6 6 6 0 6 6 6 5 4 0 5 5 6 0 6 5 2 6 4 3 7 3 3 2 0 0 6 6 5 6 7 3 6 0 0 5 7 7 2 7 4 6 6 0 6 3 5 0 4 3 
Evaluaciones: 100011
Generaciones: 1961
Tiempo AGE-SF: 697.588

<------------------------------------------------------------------------->

mejor valoracion ini: 805.336
Mejor solucion AGG-UN
Error: 579
Desviacion General: 1.10848
Valoracion: 66.5906
2 5 5 5 5 1 2 5 5 1 5 5 1 1 7 5 1 5 3 2 4 3 5 5 2 6 5 4 5 0 5 2 2 5 5 5 7 5 4 5 1 1 1 5 3 1 2 5 2 2 1 4 1 1 5 0 4 4 2 5 5 7 4 2 5 5 0 5 5 5 5 1 5 2 5 5 2 1 2 3 5 3 6 5 5 0 7 7 5 1 5 1 0 5 1 1 5 5 5 1 5 2 3 5 2 5 3 5 2 5 5 5 5 1 5 5 7 2 5 5 5 5 2 5 2 7 5 6 5 5 5 1 6 3 2 0 3 1 5 1 1 5 7 4 5 2 5 1 5 5 1 1 1 2 3 5 5 7 2 5 2 5 2 5 5 7 6 1 2 1 6 5 5 2 7 5 7 5 5 7 5 5 5 5 5 2 5 5 7 5 5 5 5 2 5 5 5 7 7 2 4 5 1 7 3 1 1 5 3 5 1 2 6 2 5 5 5 1 5 4 5 2 5 5 5 2 3 7 2 5 5 1 7 5 1 1 5 5 5 4 5 1 3 5 5 7 3 1 2 5 2 2 5 5 0 7 3 4 2 2 5 3 5 2 2 6 1 1 0 2 3 5 7 5 5 5 6 5 7 3 5 5 5 1 6 5 5 5 5 7 5 5 5 1 4 7 1 1 5 2 5 1 1 5 4 6 6 3 6 1 7 7 5 5 1 5 3 0 5 2 7 1 3 4 0 4 4 5 5 2 5 4 1 7 4 6 
Evaluaciones: 100031
Generaciones: 1493
Tiempo AGG-UN: 286.133

<------------------------------------------------------------------------->

mejor valoracion ini: 805.336
Mejor solucion AGG-SF
Error: 1760
Desviacion General: 1.36409
Valoracion: 200.412
2 0 3 3 3 6 2 0 0 7 0 3 7 7 2 0 7 3 5 2 6 5 3 0 2 1 3 5 0 4 0 2 2 3 3 0 2 0 5 3 7 7 7 3 5 7 2 0 2 2 7 5 7 7 0 2 5 5 2 0 0 2 5 2 3 3 1 3 0 0 3 7 0 2 0 0 2 7 2 5 0 5 1 0 0 5 2 2 0 7 0 7 6 0 7 7 0 3 3 7 0 2 5 0 2 0 5 0 2 0 3 3 0 7 3 0 2 2 0 3 0 0 4 0 4 2 0 6 3 0 0 7 1 5 2 5 5 7 0 7 7 0 2 5 0 2 0 7 0 0 7 7 7 4 5 0 0 2 2 0 2 3 4 0 0 2 1 7 2 7 6 3 3 2 2 0 2 3 3 2 3 0 0 0 0 4 3 0 2 0 0 3 0 2 0 0 0 2 2 2 5 0 7 2 5 7 7 3 1 0 7 2 4 2 3 3 3 7 0 5 0 2 3 0 0 2 5 2 2 3 0 7 2 3 7 7 0 0 0 5 0 7 5 3 3 2 5 7 2 0 2 2 3 0 6 2 5 4 2 2 3 5 0 2 2 6 7 7 5 2 5 0 2 0 0 3 4 0 2 5 3 0 0 7 1 3 0 0 0 2 0 0 0 7 4 2 4 7 0 2 0 7 7 3 4 6 6 6 1 7 2 2 0 3 7 3 5 1 0 2 2 7 5 5 1 5 1 0 0 4 0 6 7 2 6 6 
Evaluaciones: 100031
Generaciones: 1493
Tiempo AGG-SF: 284.967
Ejecutando ecoli con 20 restricciones y semilla 572718921,
mejor valoracion ini: 799.849
Mejor solucion Memetico
Error: 177
Desviacion General: 2.82175
Valoracion: 22.8396
0 1 1 1 1 7 0 1 1 7 1 1 7 7 0 1 7 1 4 0 5 5 1 1 0 2 1 5 1 3 1 0 0 1 1 1 0 1 5 1 7 7 7 1 4 7 0 1 0 0 7 5 7 7 1 0 2 5 0 1 1 0 5 0 1 1 2 1 1 1 1 7 1 0 1 1 0 7 0 2 1 5 6 1 1 2 0 0 1 7 1 7 4 1 7 7 1 1 1 7 1 0 5 1 0 1 5 1 0 1 1 1 1 7 1 1 0 0 1 1 1 1 0 1 0 0 1 6 1 1 1 7 5 4 0 5 5 7 1 7 7 1 0 4 1 0 1 7 1 1 7 7 7 0 5 1 1 0 0 1 0 1 0 1 1 0 5 7 0 7 3 1 1 0 0 1 0 1 1 0 1 1 1 1 1 0 1 1 0 1 1 1 1 0 1 1 1 0 0 0 5 1 7 0 5 7 7 1 5 1 7 0 6 0 1 1 1 7 1 5 1 0 1 1 1 0 5 0 0 1 1 7 0 1 7 7 1 1 1 4 1 7 2 1 1 0 4 7 0 1 0 0 1 1 6 0 5 3 0 0 1 5 1 0 0 6 7 7 5 0 5 1 0 1 1 1 4 1 0 5 1 1 1 7 4 1 1 1 1 0 1 1 1 7 3 0 7 7 1 0 1 7 7 1 5 4 6 6 5 7 0 0 1 1 7 1 5 6 1 0 0 7 4 4 2 5 3 1 1 0 1 4 7 0 2 6 
Evaluaciones: 100031
Generaciones: 1493
Tiempo memetico: 343.95

<------------------------------------------------------------------------->

mejor valoracion ini: 799.849
Mejor solucion AGE-UN
Error: 461
Desviacion General: 1.71257
Valoracion: 53.8495
2 4 4 4 4 3 1 4 4 3 4 4 7 3 2 4 3 4 6 2 1 6 4 4 2 5 4 6 4 0 4 2 2 4 4 4 2 4 6 4 3 3 3 4 1 7 2 4 1 2 7 6 7 7 4 2 5 6 2 4 4 2 1 2 4 4 1 4 4 4 4 3 4 2 4 4 2 3 2 6 4 6 5 4 4 7 2 2 4 7 4 3 5 4 3 7 4 4 4 7 4 2 6 4 2 4 6 4 2 4 4 4 4 7 4 4 2 2 4 4 4 4 2 4 2 2 4 1 4 4 4 3 5 6 2 6 6 3 4 3 3 4 2 6 4 2 4 7 4 4 3 7 3 2 6 4 4 2 2 4 2 4 2 4 4 2 5 3 2 3 5 4 4 2 2 4 2 4 4 2 4 4 4 4 4 2 4 4 2 4 4 4 4 2 4 4 4 2 2 2 6 4 7 2 6 3 3 4 5 4 3 5 5 2 4 4 4 3 4 6 4 2 4 4 4 2 1 2 2 4 4 3 2 4 7 7 4 4 4 6 4 7 6 4 4 2 6 7 2 4 2 2 4 4 5 2 0 7 2 2 4 6 4 2 2 5 7 3 6 2 6 4 2 4 4 4 1 4 2 6 4 4 4 7 5 4 4 4 4 2 4 4 4 7 7 2 3 3 4 2 4 7 7 4 5 0 0 5 5 3 2 2 4 4 7 4 6 1 4 2 2 3 6 5 5 6 5 4 4 2 4 5 7 2 0 0 
Evaluaciones: 100011
Generaciones: 1961
Tiempo AGE-UN: 692.569

<------------------------------------------------------------------------->

mejor valoracion ini: 799.849
Mejor solucion AGE-SF
Error: 613
Desviacion General: 1.47728
Valoracion: 70.8047
5 2 2 2 2 3 5 2 2 3 2 2 3 3 5 2 3 2 1 5 7 1 2 2 5 6 2 1 2 0 2 5 4 2 2 2 4 2 1 2 3 3 3 2 7 3 4 2 4 4 3 1 3 3 2 5 0 1 5 2 2 4 1 4 2 2 0 2 2 2 2 3 2 5 2 2 5 3 5 1 2 1 0 2 2 6 5 5 2 3 2 3 7 2 3 3 2 2 2 3 2 5 1 2 5 2 1 2 5 2 2 2 2 3 2 2 5 4 2 2 2 2 5 2 5 5 2 0 2 2 2 3 0 7 5 1 7 3 2 3 3 2 4 1 2 5 2 3 2 2 3 3 3 5 1 2 2 4 5 2 5 2 5 2 2 4 7 3 5 3 0 2 2 5 4 2 5 2 2 4 2 2 2 2 2 5 2 2 4 2 2 2 2 5 2 2 2 4 4 4 1 2 3 4 7 3 3 2 1 2 3 4 0 4 2 2 2 3 2 7 2 4 2 2 2 4 1 5 4 2 2 3 5 2 3 3 2 2 2 7 2 3 7 2 2 5 7 3 4 2 5 5 2 2 7 5 1 6 5 4 2 1 2 5 5 0 3 3 1 4 1 2 5 2 2 2 6 2 4 0 2 2 2 3 7 2 2 2 2 4 2 2 2 3 6 5 3 6 2 5 2 3 3 2 1 7 7 7 0 3 5 4 2 2 3 2 1 0 2 4 4 3 7 1 0 1 6 2 2 5 2 1 3 4 1 6 
Evaluaciones: 100011
Generaciones: 1961
Tiempo AGE-SF: 692.444

<------------------------------------------------------------------------->

mejor valoracion ini: 799.849
Mejor solucion AGG-UN
Error: 432
Desviacion General: 1.65268
Valoracion: 50.5098
1 2 2 2 2 0 1 2 2 4 2 2 4 6 1 2 4 2 5 1 3 7 2 2 1 3 2 5 2 0 2 1 1 2 2 2 1 2 5 2 4 4 4 2 7 4 1 2 1 1 4 7 4 4 2 1 6 5 1 2 2 1 5 1 2 2 0 2 2 2 2 4 2 1 2 2 1 4 1 0 2 7 3 2 2 3 1 1 2 4 2 4 3 2 4 4 2 2 2 6 2 1 0 2 1 2 7 2 1 2 2 2 2 4 2 2 1 1 2 2 2 2 1 2 1 1 2 4 2 2 2 0 6 7 1 7 0 6 2 4 4 2 1 7 2 1 2 4 2 2 4 6 4 1 7 2 2 1 1 2 1 2 1 2 2 1 3 6 1 4 5 2 2 1 1 2 1 2 2 1 2 2 2 2 2 1 2 2 1 2 2 2 2 1 2 2 2 1 1 1 5 2 4 1 7 4 7 2 5 2 6 1 6 1 2 2 2 6 2 0 2 1 2 2 2 1 6 1 1 2 2 0 1 2 0 6 2 2 2 7 2 4 5 2 2 1 5 6 1 2 1 1 2 2 3 1 6 4 1 1 2 5 2 1 1 5 4 0 7 1 7 2 1 2 2 2 3 2 1 7 2 2 2 4 3 2 2 2 2 1 2 2 2 4 4 1 4 4 2 1 2 4 4 2 5 6 6 3 3 4 1 1 2 2 4 2 7 3 2 1 1 6 7 5 3 5 0 2 2 1 2 3 4 1 5 3 
Evaluaciones: 100031
Generaciones: 1493
Tiempo AGG-UN: 286.232

<------------------------------------------------------------------------->

mejor valoracion ini: 799.018
Mejor solucion AGG-SF
Error: 690
Desviacion General: 1.8475
Valoracion: 79.8832
1 7 7 7 7 2 1 7 7 2 7 7 3 4 1 7 2 7 6 1 6 6 7 7 1 0 7 6 7 0 7 1 1 7 7 7 1 7 5 7 2 2 2 7 5 2 1 7 1 1 4 6 3 2 7 1 5 5 1 7 7 1 6 1 7 7 5 7 7 7 7 2 7 1 7 7 1 2 1 3 7 6 5 7 7 2 1 1 7 3 7 3 6 7 2 2 7 7 7 2 7 1 3 7 1 7 3 7 6 7 7 7 7 2 7 7 1 1 7 7 7 7 1 7 1 1 7 4 7 7 7 2 4 6 1 3 5 3 7 3 3 7 1 5 7 0 7 3 7 7 3 3 2 1 3 7 7 1 1 7 1 7 1 7 7 1 0 3 1 2 4 7 7 1 1 7 1 7 7 1 7 7 7 7 7 1 7 7 1 7 7 7 7 1 7 7 7 1 1 1 5 7 4 1 6 2 2 7 0 7 3 1 4 1 7 7 7 2 7 5 7 1 7 7 7 1 3 1 1 7 7 2 1 7 2 3 7 7 7 3 7 2 5 7 7 4 5 3 1 7 1 1 7 7 6 1 3 6 1 1 7 6 7 1 1 4 4 2 6 1 5 7 1 7 7 7 4 7 1 6 7 7 7 3 4 7 7 7 7 1 7 7 7 3 2 1 4 2 7 1 7 4 4 7 5 6 6 6 4 2 0 1 7 7 3 7 5 2 7 1 1 3 6 5 2 5 3 7 7 1 7 4 2 1 4 4 
Evaluaciones: 100031
Generaciones: 1493
Tiempo AGG-SF: 281.903
Ejecutando ecoli con 20 restricciones y semilla 34737829,
mejor valoracion ini: 806.624
Mejor solucion Memetico
Error: 240
Desviacion General: 2.10563
Valoracion: 29.2485
1 5 5 5 5 2 1 5 5 2 5 5 2 4 1 5 2 5 3 1 0 3 5 5 1 4 5 3 5 4 5 1 1 5 5 5 1 5 3 5 2 2 2 5 3 2 1 5 1 1 2 3 2 2 5 1 7 3 1 5 5 1 3 1 5 5 3 5 5 5 5 2 5 1 5 5 1 2 1 3 5 3 0 5 5 7 1 1 5 2 5 0 6 5 0 2 5 5 5 2 5 1 3 5 1 5 3 5 1 5 5 5 5 2 5 5 1 1 5 5 5 5 1 5 1 1 5 0 5 5 5 2 7 3 1 3 3 2 5 2 2 5 1 3 5 1 5 2 5 5 2 2 2 1 3 5 5 4 1 5 1 5 1 5 5 1 6 2 1 2 7 5 5 1 1 5 1 5 5 1 5 5 5 5 5 1 5 5 1 5 5 5 5 1 5 5 5 1 1 1 6 5 2 1 3 2 2 5 6 5 2 1 6 1 5 5 5 2 5 6 5 1 5 5 5 1 3 1 1 5 5 2 1 5 2 2 5 5 5 7 5 2 3 5 5 1 3 2 1 5 1 1 5 5 7 1 3 0 1 1 5 3 5 1 1 6 2 2 7 1 3 5 1 5 5 5 0 5 1 3 5 5 5 2 0 5 5 5 5 1 5 5 5 2 4 1 2 2 5 1 5 2 2 5 3 0 0 6 0 2 1 1 5 5 2 5 3 6 5 1 4 2 7 3 0 3 4 5 5 1 5 6 2 1 0 4 
Evaluaciones: 100031
Generaciones: 1493
Tiempo memetico: 344.538

<------------------------------------------------------------------------->

mejor valoracion ini: 801.503
Mejor solucion AGE-UN
Error: 218
Desviacion General: 2.05842
Valoracion: 26.7132
3 4 4 4 4 0 3 4 4 0 4 4 0 0 3 4 0 4 5 3 1 1 4 4 3 1 4 5 4 1 4 3 3 4 4 4 3 4 7 4 0 0 0 4 6 0 3 4 3 3 0 5 0 0 4 3 5 7 3 4 4 3 2 3 4 4 6 4 4 4 4 0 4 3 4 4 3 0 3 5 4 5 6 4 4 6 3 3 4 0 4 0 1 4 0 0 4 4 4 0 4 3 6 4 3 4 7 4 3 4 4 4 4 0 4 4 3 3 4 4 4 4 3 4 3 3 4 2 4 4 4 0 7 6 3 7 5 0 4 0 0 4 3 7 4 3 4 0 4 4 0 0 0 3 7 4 4 3 3 4 3 4 3 4 4 3 6 0 3 0 2 4 4 3 3 4 3 4 4 3 4 4 4 4 4 3 4 4 3 4 4 4 4 3 4 4 4 3 3 3 7 4 0 3 5 0 0 4 7 4 0 3 5 3 4 4 4 0 4 7 4 3 4 4 4 3 1 3 3 4 4 0 3 4 0 0 4 4 4 5 4 0 5 4 4 3 5 0 3 4 3 3 4 4 1 3 5 1 3 3 4 5 4 3 3 2 0 0 1 3 5 4 3 4 4 4 2 4 3 7 4 4 4 0 1 4 4 4 4 3 4 4 4 0 2 3 0 0 4 3 4 0 0 4 6 1 1 1 7 0 3 3 4 4 6 4 5 6 4 3 3 0 5 5 1 7 6 4 4 3 4 1 0 3 2 7 
Evaluaciones: 100011
Generaciones: 1961
Tiempo AGE-UN: 696.348

<------------------------------------------------------------------------->

mejor valoracion ini: 801.503
Mejor solucion AGE-SF
Error: 239
Desviacion General: 1.91
Valoracion: 28.9398
1 3 3 3 3 7 1 3 3 7 3 3 7 7 1 3 7 3 2 1 5 2 3 3 1 4 3 5 3 4 3 1 1 3 3 3 1 3 6 3 7 7 7 3 2 7 1 3 1 1 7 2 7 7 3 1 0 2 1 3 3 1 4 1 3 3 2 3 3 3 3 7 3 1 3 3 1 7 1 2 3 2 4 3 3 5 1 1 3 7 3 7 6 3 7 7 3 3 3 7 3 1 2 3 1 3 2 3 1 3 3 3 3 7 3 3 1 1 3 3 3 3 1 3 1 1 3 0 3 3 3 7 6 2 1 6 6 7 3 7 7 3 1 6 3 1 3 7 3 3 7 7 7 1 6 3 3 1 1 3 1 3 1 3 3 1 5 7 1 7 4 3 3 1 1 3 1 3 3 1 3 3 3 3 3 1 3 3 1 3 3 3 3 1 3 3 3 1 1 1 6 3 7 1 2 7 7 3 2 3 7 1 6 1 3 3 3 7 3 4 3 1 3 3 3 1 6 1 1 3 3 7 1 3 7 7 3 3 3 2 3 7 2 3 3 1 2 7 1 3 1 1 3 3 4 1 6 0 1 1 3 6 3 1 1 4 5 7 6 1 2 3 1 3 3 3 6 3 1 2 3 3 3 5 6 3 3 3 3 1 3 3 3 7 0 1 7 7 3 1 3 7 7 3 2 5 5 0 6 7 1 1 3 3 7 3 6 6 3 1 1 7 2 2 6 2 0 3 3 1 3 5 5 1 0 4 
Evaluaciones: 100011
Generaciones: 1961
Tiempo AGE-SF: 694.147

<------------------------------------------------------------------------->

mejor valoracion ini: 801.503
Mejor solucion AGG-UN
Error: 389
Desviacion General: 1.46895
Valoracion: 45.463
6 3 3 3 3 0 6 3 3 0 3 3 0 0 6 3 0 3 2 6 2 5 3 3 6 5 3 2 3 1 3 6 6 3 3 3 6 3 7 3 7 0 0 3 5 0 6 3 6 6 0 5 7 0 3 6 2 2 6 3 3 6 5 6 3 3 1 3 3 3 3 0 3 6 3 3 6 0 6 5 3 5 1 3 3 7 6 6 3 0 3 0 4 3 0 0 3 3 3 0 3 6 5 3 6 3 5 3 6 3 3 3 3 7 3 3 6 6 3 3 3 3 6 3 6 6 3 1 3 3 3 0 2 7 6 5 5 0 3 0 0 3 6 2 3 6 3 0 3 3 0 0 1 6 5 3 3 6 6 3 6 3 6 3 3 6 1 7 6 0 4 3 3 6 6 3 6 3 3 6 3 3 3 3 3 6 3 3 6 3 3 3 3 6 3 3 3 6 6 6 7 3 7 6 7 0 0 3 4 3 0 6 4 6 3 3 3 1 3 2 3 6 3 3 3 6 5 6 6 3 3 0 6 3 0 0 3 3 3 2 3 0 5 3 3 6 2 0 6 3 6 6 3 3 4 6 5 2 6 6 3 7 3 6 6 4 0 7 2 6 5 3 6 3 3 3 5 3 6 2 3 3 3 7 4 3 3 3 3 6 3 3 3 7 4 6 4 0 3 6 3 0 0 3 7 1 4 1 2 0 6 6 3 3 0 3 5 1 3 6 6 0 4 2 1 2 7 3 3 6 3 4 0 6 4 4 
Evaluaciones: 100031
Generaciones: 1493
Tiempo AGG-UN: 287.142

<------------------------------------------------------------------------->

mejor valoracion ini: 801.503
Mejor solucion AGG-SF
Error: 448
Desviacion General: 1.71979
Valoracion: 52.3865
7 5 5 5 5 3 7 5 5 3 5 5 1 3 7 5 3 5 4 7 1 6 5 5 7 1 5 0 5 6 5 7 7 5 5 5 7 5 4 5 3 3 4 5 0 1 7 5 1 7 3 0 3 3 5 7 4 0 7 5 5 7 0 7 5 5 1 5 5 5 5 3 5 7 5 5 7 3 7 4 5 4 6 5 5 3 7 7 5 3 5 3 4 5 4 3 5 5 5 3 5 7 0 5 7 5 4 5 7 5 5 5 5 3 5 5 7 7 5 5 5 5 7 5 7 7 5 2 5 5 5 3 4 0 7 4 4 3 5 3 3 5 7 4 5 7 5 3 5 5 3 3 3 7 4 5 5 7 7 5 7 5 7 5 5 7 6 3 7 2 6 5 5 7 2 5 7 5 5 7 5 5 5 5 5 7 5 5 7 5 5 5 5 7 5 5 5 7 7 1 0 5 3 7 0 3 3 5 0 5 3 7 1 7 5 5 5 0 5 4 5 7 5 5 5 7 0 7 7 5 5 3 7 5 3 3 5 5 5 4 5 3 2 5 5 7 4 3 7 5 7 7 5 5 6 7 4 3 7 7 5 0 5 7 7 6 3 3 4 7 0 5 7 5 5 5 1 5 7 0 5 5 5 3 4 5 5 5 5 7 5 5 5 1 2 7 3 3 5 7 5 3 3 5 0 0 0 2 4 3 7 7 5 5 3 5 4 2 5 7 7 3 4 0 6 4 1 5 5 7 5 6 2 7 2 1 
Evaluaciones: 100031
Generaciones: 1493
Tiempo AGG-SF: 281.735
Ejecutando ecoli con 20 restricciones y semilla 28388992,
mejor valoracion ini: 800.955
Mejor solucion Memetico
Error: 736
Desviacion General: 1.32807
Valoracion: 84.5662
5 7 7 7 7 4 5 7 7 4 7 7 0 4 1 7 4 7 3 1 0 3 7 7 5 6 7 3 7 6 7 5 1 7 7 7 1 7 3 7 4 4 0 7 3 4 1 7 1 1 4 3 0 6 7 5 3 3 1 7 7 1 3 1 7 7 6 7 7 7 7 4 7 1 7 7 1 4 1 3 7 3 0 7 7 0 1 1 7 0 7 4 2 7 4 0 7 7 7 0 7 1 3 7 5 7 3 7 1 7 7 7 7 4 7 7 1 1 7 7 7 7 5 7 1 5 7 1 7 7 7 4 3 2 5 3 3 4 7 4 4 7 5 3 7 1 7 4 7 7 4 0 4 1 3 7 7 1 5 7 1 7 5 7 7 1 0 0 1 0 2 7 7 1 1 7 1 7 7 5 7 7 7 7 7 1 7 7 1 7 7 7 7 5 7 7 7 5 1 1 3 7 4 1 3 4 4 7 3 7 4 5 0 1 7 7 7 0 7 3 7 1 7 7 7 5 3 5 1 7 7 4 1 7 4 4 7 7 7 3 7 4 3 7 7 1 3 4 5 7 1 1 7 7 2 1 3 2 1 5 7 6 7 1 1 2 4 0 3 1 3 7 5 7 7 7 2 7 5 3 7 7 7 4 6 7 7 7 7 1 7 7 7 4 2 1 4 4 7 1 7 4 4 7 3 0 0 6 4 4 1 1 7 7 4 7 3 0 7 1 5 0 3 3 0 3 2 7 7 5 7 5 0 5 6 6 
Evaluaciones: 100031
Generaciones: 1493
Tiempo memetico: 372.31

<------------------------------------------------------------------------->

mejor valoracion ini: 800.955
Mejor solucion AGE-UN
Error: 431
Desviacion General: 1.5622
Valoracion: 50.3063
3 5 5 5 5 0 3 5 5 0 5 5 0 0 3 5 0 5 2 3 1 2 5 5 3 6 5 4 5 1 5 3 3 5 5 5 3 5 4 5 0 0 0 5 4 0 3 5 7 3 0 2 0 0 5 3 6 4 3 5 5 3 4 3 5 5 6 5 5 5 5 0 5 3 5 5 3 0 3 2 5 4 1 5 5 4 3 7 5 0 5 0 6 5 0 0 5 5 5 0 5 3 2 5 7 5 4 5 7 5 5 5 5 0 5 5 3 3 5 5 5 5 3 5 3 7 5 1 5 5 5 0 2 4 3 4 4 0 5 0 0 5 3 4 5 3 5 0 5 5 0 0 0 3 4 5 5 3 7 5 3 5 3 5 5 1 2 0 7 0 1 5 5 3 3 5 3 5 5 3 5 5 5 5 5 3 5 5 3 5 5 5 5 3 5 5 5 3 3 3 4 5 0 3 2 0 0 5 2 5 0 3 6 3 5 5 5 0 5 2 5 3 5 5 5 3 4 3 3 5 5 0 3 5 0 0 5 5 5 2 5 0 2 5 5 3 2 0 3 5 3 7 5 5 6 3 4 1 7 3 5 4 5 3 3 1 0 0 2 3 4 5 7 5 5 5 1 5 3 2 5 5 5 0 6 5 5 5 5 3 5 5 5 0 1 7 0 0 5 3 5 0 0 5 4 1 1 6 6 0 3 3 5 5 0 5 4 6 5 3 3 0 4 4 6 2 1 5 5 3 5 6 0 3 6 6 
Evaluaciones: 100011
Generaciones: 1961
Tiempo AGE-UN: 726.856

<------------------------------------------------------------------------->

mejor valoracion ini: 800.955
Mejor solucion AGE-SF
Error: 333
Desviacion General: 1.99605
Valoracion: 39.6568
6 4 4 4 4 1 6 4 4 1 4 4 1 1 6 4 1 4 7 6 0 7 4 4 6 5 4 0 4 3 4 6 6 4 4 4 6 4 0 4 1 2 1 4 7 1 6 4 6 6 1 5 1 1 4 6 0 2 6 4 4 6 0 6 4 4 5 4 4 4 4 1 4 6 4 4 6 1 6 5 4 7 3 4 4 5 6 6 4 1 4 1 0 4 1 1 4 4 4 1 4 6 7 4 6 4 7 4 6 4 4 4 4 1 4 4 6 6 4 4 4 4 6 4 6 6 4 3 4 4 4 1 0 7 6 0 7 2 4 1 1 4 6 0 4 6 4 1 4 4 2 2 1 6 7 4 4 6 6 4 6 4 6 4 4 6 3 1 6 1 3 4 4 6 6 4 6 4 4 6 4 4 4 4 4 6 4 4 6 4 4 4 4 6 4 4 4 6 6 6 7 4 1 6 7 1 1 4 7 4 1 6 3 6 4 4 4 1 4 0 4 6 4 4 4 6 0 6 6 4 4 1 6 4 1 1 4 4 4 7 4 1 2 4 4 6 7 1 6 4 6 6 4 4 0 6 3 7 6 6 4 0 4 6 6 3 2 1 0 6 7 4 6 4 4 4 3 4 6 2 4 4 4 1 0 4 4 4 4 6 4 4 4 1 3 6 1 1 4 6 4 1 1 4 3 3 3 3 3 1 6 6 4 4 1 4 0 5 4 6 6 2 7 7 5 0 7 4 4 6 4 0 5 6 5 5 
Evaluaciones: 100011
Generaciones: 1961
Tiempo AGE-SF: 725.196

<------------------------------------------------------------------------->

mejor valoracion ini: 800.955
Mejor solucion AGG-UN
Error: 460
Desviacion General: 1.79753
Valoracion: 53.8213
0 4 4 4 4 6 0 4 4 6 4 4 6 6 0 4 6 4 3 0 1 7 4 4 0 1 4 1 4 2 4 0 0 4 4 4 0 4 7 4 6 6 6 4 7 6 0 4 2 0 6 7 6 6 4 0 3 7 0 4 4 0 1 0 4 4 3 4 4 4 4 6 4 0 4 4 0 6 0 1 4 7 7 4 4 1 0 0 4 6 4 6 2 4 5 6 4 4 4 6 4 0 1 4 2 4 1 4 0 4 4 4 4 6 4 4 0 0 4 4 4 4 0 4 0 0 4 5 4 4 4 6 5 7 0 1 7 6 4 6 6 4 0 7 4 0 4 6 4 4 6 6 6 0 7 4 4 0 0 4 0 4 0 4 4 0 2 6 0 6 7 4 4 0 0 4 5 4 4 2 4 4 4 4 4 0 4 4 0 4 4 4 4 0 4 4 4 2 0 0 7 4 6 0 7 6 6 4 7 4 6 0 5 2 4 4 4 6 4 3 4 0 4 4 4 5 1 0 0 4 4 6 0 4 6 6 4 4 4 1 4 6 7 4 4 0 7 6 0 4 0 0 4 4 5 0 7 5 0 0 4 7 4 0 0 3 6 6 7 0 7 4 5 4 4 4 7 4 0 7 4 4 4 6 2 4 4 4 4 0 4 4 4 6 3 0 6 6 4 0 4 6 6 4 1 1 1 3 5 6 0 2 4 4 6 4 1 7 4 0 0 6 7 7 7 1 3 4 4 0 4 2 6 2 3 1 
Evaluaciones: 100031
Generaciones: 1493
Tiempo AGG-UN: 304.614

<------------------------------------------------------------------------->

mejor valoracion ini: 800.955
Mejor solucion AGG-SF
Error: 315
Desviacion General: 2.01572
Valoracion: 37.6407
0 4 4 4 4 3 0 4 4 3 4 4 3 3 0 4 3 4 7 0 2 2 4 4 0 1 4 7 4 6 4 0 0 4 4 4 0 4 7 4 3 3 7 4 2 3 0 4 0 0 3 2 3 3 4 0 2 7 0 4 4 0 2 0 4 4 1 4 4 4 4 3 4 0 4 4 0 3 0 7 4 7 5 4 4 1 0 0 4 3 4 3 5 4 3 3 4 4 4 3 4 0 7 4 0 4 2 4 0 4 4 4 4 3 4 4 0 0 4 4 4 4 0 4 0 0 4 1 4 4 4 3 5 2 0 2 2 3 4 3 3 4 0 2 4 0 4 3 4 4 3 3 3 0 7 4 4 0 0 4 0 4 0 4 4 0 2 3 0 3 6 4 4 0 0 4 0 4 4 0 4 4 4 4 4 0 4 4 0 4 4 4 4 0 4 4 4 0 0 0 6 4 3 0 1 3 3 4 6 4 3 0 3 0 4 4 4 3 4 2 4 0 4 4 4 0 1 0 0 4 4 3 0 4 3 3 4 4 4 7 4 3 1 4 4 0 2 3 0 4 0 0 4 4 7 0 2 1 0 0 4 1 4 0 0 6 7 3 2 0 2 4 0 4 4 4 5 4 0 2 4 4 4 3 5 4 4 4 4 0 4 4 4 3 1 0 3 3 4 0 4 3 3 4 1 2 5 2 7 3 0 0 4 4 5 4 1 5 4 0 0 3 1 7 5 1 6 4 4 0 4 2 3 0 6 5 
Evaluaciones: 100031
Generaciones: 1493
Tiempo AGG-SF: 303.327
Ejecutando ecoli con 20 restricciones y semilla 9987479
mejor valoracion ini: 806.459
Mejor solucion Memetico
Error: 502
Desviacion General: 1.58885
Valoracion: 58.3627
5 6 6 6 6 7 4 6 6 7 6 6 7 7 4 6 7 6 2 4 3 2 6 6 5 1 6 2 6 0 6 4 4 6 6 6 4 6 0 6 7 7 7 6 3 7 4 6 5 4 7 2 7 7 6 4 1 2 4 6 6 4 0 4 6 6 1 6 6 6 6 7 6 4 6 6 4 7 4 2 6 0 0 6 6 3 4 4 6 7 6 7 3 6 7 7 6 6 6 7 6 4 2 6 4 6 2 6 4 6 6 6 6 7 6 6 4 5 6 6 6 6 4 6 4 4 6 2 6 6 6 7 3 0 4 2 2 7 6 7 7 6 5 0 6 4 6 7 6 6 7 7 7 4 2 6 6 4 4 6 4 6 4 6 6 4 2 7 4 7 0 6 6 4 4 6 5 6 6 4 6 6 6 6 6 4 6 6 4 6 6 6 6 4 6 6 6 4 4 4 1 6 7 5 2 7 7 6 0 6 7 4 3 5 6 6 6 7 6 0 6 4 6 6 6 4 0 4 5 6 6 7 4 6 7 7 6 6 6 2 6 7 2 1 6 4 2 7 4 6 4 5 6 6 1 4 2 3 4 4 6 2 6 4 4 1 7 7 2 4 0 6 4 6 6 6 3 6 4 2 6 6 6 7 3 6 6 6 6 4 6 6 6 7 3 5 7 7 6 4 6 7 7 6 2 1 3 3 3 7 4 5 6 6 7 6 2 1 6 4 5 7 0 0 0 2 1 6 6 4 6 3 7 4 3 5 
Evaluaciones: 100031
Generaciones: 1493
Tiempo memetico: 345.995

<------------------------------------------------------------------------->

mejor valoracion ini: 806.459
Mejor solucion AGE-UN
Error: 380
Desviacion General: 1.75206
Valoracion: 44.7283
1 5 5 5 5 7 1 5 5 7 5 5 0 0 1 5 3 5 2 1 4 2 5 5 1 6 5 2 5 3 5 1 1 5 5 5 1 5 3 5 0 0 0 5 6 7 1 5 1 1 7 2 7 7 5 1 3 2 1 5 5 1 2 1 5 5 3 5 5 5 5 7 5 1 5 5 1 7 1 2 5 2 4 5 5 0 1 1 5 7 5 7 4 5 7 0 5 5 5 7 5 1 2 5 1 5 2 5 1 5 5 5 5 7 5 5 1 1 5 5 5 5 1 5 3 1 5 4 5 5 5 7 4 2 1 2 2 7 5 7 7 5 1 2 5 1 5 7 5 5 7 7 7 1 2 5 5 1 1 5 1 5 1 5 5 1 4 0 1 7 4 5 5 3 1 5 1 5 5 1 5 5 5 5 5 1 5 5 1 5 5 5 5 1 5 5 5 1 1 1 2 5 7 1 2 7 0 5 2 5 0 1 6 1 5 5 5 7 5 2 5 1 5 5 5 1 2 1 1 5 5 7 1 5 7 7 5 5 5 2 5 7 2 5 5 1 6 7 1 5 1 1 5 5 4 1 2 6 1 1 5 2 5 1 1 4 0 7 4 1 2 5 1 5 5 5 0 5 1 2 5 5 5 7 4 5 5 5 5 1 5 5 5 0 3 1 7 7 5 1 5 0 7 5 2 4 6 3 3 7 6 1 5 5 0 5 2 6 5 1 1 7 2 2 6 4 3 5 5 1 5 4 7 1 3 4 
Evaluaciones: 100011
Generaciones: 1961
Tiempo AGE-UN: 700.945

<------------------------------------------------------------------------->

mejor valoracion ini: 800.967
Mejor solucion AGE-SF
Error: 258
Desviacion General: 2.46588
Valoracion: 31.6445
4 7 7 7 7 6 4 7 7 6 7 7 6 6 4 7 6 7 5 4 1 1 7 7 4 0 7 5 7 6 7 4 4 7 7 7 4 7 5 7 6 6 6 7 1 6 4 7 4 4 6 5 6 6 7 4 5 5 4 7 7 4 5 4 7 7 0 7 7 7 7 6 7 4 7 7 4 6 4 5 7 5 3 7 7 2 4 4 7 6 7 6 3 7 6 2 7 7 7 6 7 4 5 7 4 7 5 7 4 7 7 7 7 6 7 7 4 4 7 7 7 7 4 7 4 4 7 0 7 7 7 6 0 1 4 5 5 6 7 6 6 7 4 5 7 4 7 6 7 7 6 6 6 4 1 7 7 4 4 7 4 7 4 7 7 4 1 6 4 6 3 7 7 4 4 7 4 7 7 4 7 7 7 7 7 4 7 7 4 7 7 7 7 4 7 7 7 4 4 4 5 7 6 4 5 6 2 7 5 7 6 4 0 4 7 7 7 6 7 5 7 4 7 7 7 4 1 4 4 7 7 6 4 7 6 6 7 7 7 5 7 6 5 7 7 4 5 6 4 7 4 4 7 7 2 4 5 3 4 3 7 5 7 4 4 3 6 6 1 4 5 7 4 7 7 7 3 7 4 5 7 7 7 6 2 7 7 7 7 4 7 7 7 6 3 4 6 0 7 4 7 2 6 7 5 3 1 3 0 6 4 4 7 7 6 7 5 0 7 4 4 6 5 5 1 5 0 7 7 4 7 2 1 4 0 0 
Evaluaciones: 100011
Generaciones: 1961
Tiempo AGE-SF: 701.691

<------------------------------------------------------------------------->

mejor valoracion ini: 800.967
Mejor solucion AGG-UN
Error: 186
Desviacion General: 2.07046
Valoracion: 23.1062
4 5 5 5 5 0 4 5 5 0 5 5 0 0 4 5 0 5 1 4 6 7 5 5 4 2 5 1 5 6 5 4 4 5 5 5 4 5 1 5 0 0 0 5 7 0 4 5 4 4 0 6 0 0 5 4 1 1 4 5 5 4 1 4 5 5 3 5 5 5 5 3 5 4 5 5 4 0 4 1 5 1 6 5 5 7 4 4 5 0 5 0 2 5 0 0 5 5 5 0 5 4 1 5 4 5 7 5 4 5 5 5 5 0 5 5 4 4 5 5 5 5 4 5 4 4 5 3 5 5 5 0 1 7 4 1 1 0 5 0 0 5 4 1 5 4 5 0 5 5 0 0 0 4 1 5 5 4 4 5 4 5 4 5 5 4 6 3 4 0 1 5 5 4 4 5 4 5 5 4 5 5 5 5 5 4 5 5 4 5 5 5 5 4 5 5 5 4 4 4 1 5 0 4 1 0 0 5 1 5 0 4 3 4 5 5 5 0 5 7 5 4 5 5 5 4 2 4 4 5 5 0 4 5 0 0 5 5 5 1 5 0 1 5 5 4 7 0 4 5 4 4 5 5 2 4 1 7 4 4 5 1 5 4 4 3 0 0 7 4 1 5 4 5 5 5 6 5 4 7 5 5 5 0 2 5 5 5 5 4 5 5 5 0 6 4 0 0 5 4 5 0 0 5 1 6 2 2 6 0 4 4 5 5 0 5 1 6 5 4 4 0 1 1 2 1 6 5 5 4 5 2 0 4 2 1 
Evaluaciones: 100031
Generaciones: 1493
Tiempo AGG-UN: 285.146

<------------------------------------------------------------------------->

mejor valoracion ini: 800.967
Mejor solucion AGG-SF
Error: 437
Desviacion General: 1.46792
Valoracion: 50.8905
7 5 5 5 5 0 7 5 5 0 5 5 0 0 7 5 0 5 3 7 4 2 5 5 7 4 5 4 5 2 5 7 7 5 5 5 7 5 2 5 0 0 0 5 3 0 7 5 7 1 0 3 0 0 5 7 2 3 7 5 5 7 4 7 5 5 4 5 5 5 5 0 5 7 5 5 1 0 7 2 5 3 6 5 5 6 7 7 5 0 5 0 2 5 0 0 5 5 5 0 5 7 3 5 7 5 2 5 7 5 5 5 5 0 5 5 7 7 5 5 5 5 7 5 1 7 5 3 5 5 5 0 6 1 7 2 2 0 5 0 0 5 7 3 5 7 5 0 5 5 6 0 0 7 3 5 5 7 7 5 7 5 7 5 5 7 6 0 7 0 4 5 5 7 7 5 7 5 5 1 5 5 5 5 5 7 5 5 7 5 5 5 5 7 5 5 5 7 1 7 1 5 0 7 3 0 0 5 4 5 0 7 6 6 5 5 5 0 5 2 5 7 5 5 5 7 4 1 7 5 5 0 7 5 0 0 5 5 5 3 5 0 3 5 5 7 3 0 7 5 7 7 5 5 4 7 3 2 7 7 5 3 5 7 1 4 0 0 2 7 1 5 7 5 5 5 4 5 7 2 5 5 5 0 6 5 5 5 5 7 5 5 5 0 6 7 0 0 5 7 5 0 0 5 4 4 3 6 6 0 7 7 5 5 0 5 4 6 5 7 7 0 4 2 1 2 6 5 5 7 5 4 0 7 6 6 
Evaluaciones: 100031
Generaciones: 1493
Tiempo AGG-SF: 285.013
