Ejecutando iris con 10 restricciones y semilla 1345378882,
mejor valoracion ini: 18.2009
Mejor solucion Memetico Aleatoria
Error: 0
Desviacion General: 0.033447
Valoracion: 0.033447
2 1 1 0 1 1 0 2 0 2 0 1 0 2 2 0 2 1 0 1 1 0 0 2 1 1 1 2 0 0 1 1 2 2 2 0 1 2 1 0 1 0 2 1 1 2 2 2 0 2 0 0 2 0 1 1 1 2 2 1 1 1 1 1 1 1 2 1 1 2 2 1 1 1 2 2 0 2 2 1 0 0 0 0 0 0 1 0 0 0 2 0 2 2 2 0 1 1 0 0 1 2 0 2 1 0 2 1 1 0 2 2 0 0 1 1 1 0 0 2 0 2 1 2 2 0 0 0 2 2 0 1 1 0 2 0 2 2 0 0 2 2 2 0 1 2 1 0 2 1 
Evaluaciones: 100031
Generaciones: 1493
Tiempo memetico aleatorio: 39.3951

<------------------------------------------------------------------------->

mejor valoracion ini: 18.2009
Mejor solucion Memetico Completo
Error: 0
Desviacion General: 0.027954
Valoracion: 0.027954
2 0 0 1 0 0 1 2 1 2 1 0 1 2 2 1 2 0 1 0 0 1 1 2 0 0 0 2 1 1 0 0 2 2 2 1 0 2 0 1 0 1 2 0 0 2 2 2 1 2 1 1 2 1 0 0 0 2 2 0 0 0 0 0 0 0 2 0 0 2 2 0 0 0 2 2 1 2 2 0 1 1 1 1 1 1 0 1 1 1 2 1 2 2 2 1 0 0 1 1 0 2 1 2 0 1 2 0 0 1 2 2 1 1 0 0 0 1 1 2 1 2 0 2 2 1 1 1 2 2 1 0 0 1 2 1 2 2 1 1 2 2 2 1 0 2 0 1 2 0 
Evaluaciones: 100031
Generaciones: 1493
Tiempo memetico completo: 49.0741

<------------------------------------------------------------------------->

Ejecutando ecoli con 10 restricciones y semilla 1345378882,
mejor valoracion ini: 402.608
Mejor solucion Memetico Aleatoria
Error: 402
Desviacion General: 1.52775
Valoracion: 46.992
7 0 0 0 0 4 7 0 0 4 0 0 4 4 7 0 4 0 5 7 5 2 0 0 7 5 0 3 0 6 0 7 7 0 0 0 7 0 5 0 4 4 4 0 5 1 7 0 7 1 3 5 4 3 0 7 2 2 7 0 0 7 5 7 0 0 4 0 0 0 0 4 0 7 0 0 1 2 7 3 0 2 1 0 0 6 7 6 0 3 0 4 5 0 2 4 0 0 0 2 0 7 4 0 1 0 6 0 7 0 0 0 0 4 0 0 7 7 0 0 0 0 7 0 7 1 0 3 0 0 0 4 3 5 7 1 5 4 0 4 2 0 6 5 0 1 0 1 0 0 1 3 4 1 4 0 0 7 7 0 1 0 7 0 0 7 2 4 7 2 5 0 0 7 7 0 7 0 0 7 0 0 0 0 0 7 0 0 7 0 0 0 0 7 0 0 0 1 7 7 4 0 4 6 2 3 4 0 5 0 6 7 3 7 0 0 0 7 0 1 0 7 0 0 0 1 2 7 1 0 0 4 7 0 4 4 0 0 0 5 0 2 3 0 0 7 5 7 1 0 7 7 0 0 2 7 2 1 7 7 0 6 0 7 1 6 2 4 2 7 5 0 7 0 0 0 5 0 7 6 0 0 0 4 6 0 0 0 0 7 0 0 0 2 3 7 1 2 0 7 0 4 2 0 5 6 6 5 5 4 7 7 0 0 4 0 1 2 0 7 7 4 6 2 5 5 1 0 0 7 0 3 2 7 5 5 
Evaluaciones: 100031
Generaciones: 1493
Tiempo memetico aleatorio: 182.816

<------------------------------------------------------------------------->

mejor valoracion ini: 402.608
Mejor solucion Memetico Completo
Error: 329
Desviacion General: 0.875903
Valoracion: 38.0842
2 1 1 1 1 7 2 1 1 7 1 1 7 7 2 1 7 1 6 2 6 4 1 1 0 3 1 6 1 2 1 2 0 1 1 1 2 1 4 1 7 7 7 1 5 7 3 1 2 3 7 4 7 7 1 2 4 0 2 1 1 3 4 0 1 1 0 1 1 1 1 7 1 2 1 1 2 7 2 4 1 4 3 1 1 0 2 2 1 7 1 7 3 1 7 7 1 1 1 7 1 0 4 1 2 1 4 1 3 1 1 1 1 7 1 1 2 2 1 1 1 1 2 1 2 0 1 6 1 1 1 7 6 5 3 6 4 7 1 7 7 1 0 4 1 0 1 7 1 1 7 7 7 2 4 1 1 3 0 1 2 1 2 1 1 2 6 7 2 7 6 1 1 2 3 1 2 1 1 2 1 1 1 1 1 2 1 1 3 1 1 1 1 3 1 1 1 2 5 0 4 1 7 0 5 7 7 1 3 1 7 2 6 2 1 1 1 7 1 4 1 5 1 1 1 0 4 3 2 1 1 7 3 1 7 7 1 1 1 4 1 7 4 1 1 2 4 7 3 1 3 2 1 1 6 3 4 4 2 3 1 4 1 3 0 6 7 7 5 0 5 1 2 1 1 1 3 1 2 4 1 1 1 7 6 1 1 1 1 0 1 1 1 7 5 0 7 7 1 2 1 7 7 1 4 6 4 6 6 7 2 5 1 1 7 1 4 6 1 2 2 7 4 5 6 4 5 1 1 2 1 3 7 3 4 5 
Evaluaciones: 100031
Generaciones: 1493
Tiempo memetico completo: 320.63

<------------------------------------------------------------------------->

Ejecutando rand con 10 restricciones y semilla 1345378882,
mejor valoracion ini: 45.2666
Mejor solucion Memetico Aleatoria
Error: 0
Desviacion General: 0.763987
Valoracion: 0.763987
1 0 0 2 0 0 2 1 2 1 2 0 2 1 1 2 1 0 2 0 0 2 2 1 0 0 0 1 2 2 0 0 1 1 1 2 0 1 0 2 0 2 1 0 0 1 1 1 2 1 2 2 1 2 0 0 0 1 1 0 0 0 0 0 0 0 1 0 0 1 1 0 0 0 1 1 2 1 1 0 2 2 2 2 2 2 0 2 2 2 1 2 1 1 1 2 0 0 2 2 0 1 2 1 0 2 1 0 0 2 1 1 2 2 0 0 0 2 2 1 2 1 0 1 1 2 2 2 1 1 2 0 0 2 1 2 1 1 2 2 1 1 1 2 0 1 0 2 1 0 
Evaluaciones: 100031
Generaciones: 1493
Tiempo memetico aleatorio: 32.8418

<------------------------------------------------------------------------->

mejor valoracion ini: 45.1033
Mejor solucion Memetico Completo
Error: 0
Desviacion General: 0.82648
Valoracion: 0.82648
1 0 0 2 0 0 2 1 2 1 2 0 2 1 1 2 1 0 2 0 0 2 2 1 0 0 0 1 2 2 0 0 1 1 1 2 0 1 0 2 0 2 1 0 0 1 1 1 2 1 2 2 1 2 0 0 0 1 1 0 0 0 0 0 0 0 1 0 0 1 1 0 0 0 1 1 2 1 1 0 2 2 2 2 2 2 0 2 2 2 1 2 1 1 1 2 0 0 2 2 0 1 2 1 0 2 1 0 0 2 1 1 2 2 0 0 0 2 2 1 2 1 0 1 1 2 2 2 1 1 2 0 0 2 1 2 1 1 2 2 1 1 1 2 0 1 0 2 1 0 
Evaluaciones: 100031
Generaciones: 1493
Tiempo memetico completo: 49.4793

<------------------------------------------------------------------------->

Ejecutando newthyroid con 10 restricciones y semilla 1345378882,
mejor valoracion ini: 217.232
Mejor solucion Memetico Aleatoria
Error: 0
Desviacion General: 0.264819
Valoracion: 0.264819
1 2 1 1 2 1 0 1 1 1 1 2 1 1 2 1 0 2 2 1 1 0 1 1 1 0 0 1 1 1 2 1 1 1 1 2 1 1 1 1 2 0 0 1 1 1 1 1 1 1 1 0 0 2 1 1 1 2 1 1 1 0 0 2 1 1 1 1 2 1 1 0 1 1 1 2 1 1 1 1 1 0 1 1 1 1 1 1 1 0 0 1 1 1 2 0 1 1 1 0 1 0 1 1 1 1 1 1 2 1 1 1 2 2 1 1 1 1 1 1 1 1 1 1 1 0 0 1 1 1 1 1 0 1 0 1 1 2 1 1 1 1 1 1 1 0 0 2 1 1 1 1 0 1 2 0 1 0 1 1 1 2 1 0 0 1 1 1 1 1 1 1 0 0 2 0 1 0 2 1 1 1 1 2 2 1 1 1 2 1 1 1 1 2 1 2 1 1 1 1 1 2 1 1 1 1 0 1 1 1 1 1 0 1 1 
Evaluaciones: 100031
Generaciones: 1493
Tiempo memetico aleatorio: 64.6595

<------------------------------------------------------------------------->

mejor valoracion ini: 217.232
Mejor solucion Memetico Completo
Error: 82
Desviacion General: 1.33449
Valoracion: 9.34379
2 1 2 2 0 2 0 2 2 2 2 1 2 2 1 2 1 0 1 2 2 0 2 2 2 0 0 2 2 2 0 2 2 2 2 1 2 2 2 2 1 0 1 2 2 2 2 2 2 2 2 0 1 0 2 2 2 1 2 2 2 0 1 1 2 2 2 2 1 2 2 0 2 2 2 1 2 2 2 2 2 1 2 2 2 2 2 2 2 1 0 2 2 2 0 0 2 2 2 0 2 0 2 2 2 2 2 2 1 2 2 2 1 0 2 2 2 2 2 2 2 2 2 2 2 1 1 2 2 2 2 2 1 2 1 2 2 1 2 2 2 2 2 2 2 0 0 1 2 2 2 2 0 2 0 0 2 0 2 2 2 1 2 0 0 2 2 2 2 2 2 2 0 0 1 0 2 0 1 2 2 2 2 1 1 2 2 2 1 2 2 2 2 1 2 1 2 2 2 2 2 0 2 2 2 2 0 2 2 2 2 2 0 2 2 
Evaluaciones: 100031
Generaciones: 1493
Tiempo memetico completo: 107.192

<------------------------------------------------------------------------->

Ejecutando iris con 20 restricciones y semilla 1345378882,
mejor valoracion ini: 37.6823
Mejor solucion Memetico Aleatoria
Error: 0
Desviacion General: 0.029779
Valoracion: 0.029779
0 1 1 2 1 1 2 0 2 0 2 1 2 0 0 2 0 1 2 1 1 2 2 0 1 1 1 0 2 2 1 1 0 0 0 2 1 0 1 2 1 2 0 1 1 0 0 0 2 0 2 2 0 2 1 1 1 0 0 1 1 1 1 1 1 1 0 1 1 0 0 1 1 1 0 0 2 0 0 1 2 2 2 2 2 2 1 2 2 2 0 2 0 0 0 2 1 1 2 2 1 0 2 0 1 2 0 1 1 2 0 0 2 2 1 1 1 2 2 0 2 0 1 0 0 2 2 2 0 0 2 1 1 2 0 2 0 0 2 2 0 0 0 2 1 0 1 2 0 1 
Evaluaciones: 100031
Generaciones: 1493
Tiempo memetico aleatorio: 57.1621

<------------------------------------------------------------------------->

mejor valoracion ini: 37.4875
Mejor solucion Memetico Completo
Error: 0
Desviacion General: 0.0394744
Valoracion: 0.0394744
0 2 2 1 2 2 1 0 1 0 1 2 1 0 0 1 0 2 1 2 2 1 1 0 2 2 2 0 1 1 2 2 0 0 0 1 2 0 2 1 2 1 0 2 2 0 0 0 1 0 1 1 0 1 2 2 2 0 0 2 2 2 2 2 2 2 0 2 2 0 0 2 2 2 0 0 1 0 0 2 1 1 1 1 1 1 2 1 1 1 0 1 0 0 0 1 2 2 1 1 2 0 1 0 2 1 0 2 2 1 0 0 1 1 2 2 2 1 1 0 1 0 2 0 0 1 1 1 0 0 1 2 2 1 0 1 0 0 1 1 0 0 0 1 2 0 2 1 0 2 
Evaluaciones: 100031
Generaciones: 1493
Tiempo memetico completo: 84.2688

<------------------------------------------------------------------------->

mejor valoracion ini: 806.279
Mejor solucion Memetico Aleatoria
Error: 260
Desviacion General: 2.23619
Valoracion: 31.6409
0 3 3 3 3 7 0 3 3 7 3 3 7 7 0 3 7 3 4 0 2 5 3 3 0 1 3 4 3 1 3 0 0 3 3 3 0 3 5 3 7 7 1 3 1 7 0 3 0 0 7 6 7 6 3 0 6 4 0 3 3 0 4 0 3 3 1 3 3 3 3 7 3 0 3 3 0 7 0 4 3 4 1 3 3 6 0 0 3 6 3 7 4 3 7 7 3 3 3 7 3 0 4 3 0 3 5 3 0 3 3 3 3 7 3 3 0 0 3 3 3 3 0 3 0 0 3 2 3 3 3 7 2 5 0 4 5 7 3 7 6 3 0 5 3 0 3 7 3 3 7 7 7 0 5 3 3 0 0 3 0 3 0 3 3 0 1 7 0 7 4 3 3 0 0 3 0 3 3 0 3 3 3 3 3 0 3 3 0 3 3 3 3 0 3 3 3 0 0 0 5 3 7 0 6 7 7 3 4 3 7 0 1 0 3 3 3 7 3 5 3 0 3 3 3 0 5 0 0 3 3 7 0 3 7 7 3 3 3 4 3 7 4 3 3 0 4 7 0 3 0 0 3 3 4 0 5 5 0 0 3 4 3 0 0 2 7 7 5 0 5 3 0 3 3 3 4 3 0 5 3 3 3 7 1 3 3 3 3 0 3 3 3 7 1 0 7 7 3 0 3 7 7 3 5 1 1 5 2 7 0 0 3 3 7 3 4 1 3 0 0 7 4 4 6 5 6 3 3 0 3 2 7 0 4 4 
Evaluaciones: 100031
Generaciones: 1493
Tiempo memetico aleatorio: 317.333

<------------------------------------------------------------------------->

mejor valoracion ini: 804.11
Mejor solucion Memetico Completo
Error: 332
Desviacion General: 1.6719
Valoracion: 39.2195
7 6 6 6 6 2 7 6 6 3 6 6 1 2 7 6 3 6 0 7 4 0 6 6 7 4 6 0 6 5 6 7 7 6 6 6 7 6 0 6 3 2 1 6 0 1 7 6 7 7 2 0 2 2 6 7 4 0 7 6 6 7 0 7 6 6 5 6 6 6 6 3 6 7 6 6 7 2 7 0 6 0 5 6 6 1 7 7 6 2 6 2 4 6 1 3 6 6 6 3 6 7 0 6 7 6 0 6 7 6 6 6 6 3 6 6 7 7 6 6 6 6 7 6 7 7 6 5 6 6 6 3 1 0 7 0 0 3 6 2 1 6 7 0 6 7 6 2 6 6 2 3 3 7 0 6 6 7 7 6 7 6 7 6 6 7 5 2 7 2 5 6 6 7 7 6 7 6 6 7 6 6 6 6 6 7 6 6 7 6 6 6 6 7 6 6 6 7 7 7 0 6 2 7 0 1 3 6 0 6 2 7 5 7 6 6 6 3 6 0 6 7 6 6 6 7 0 7 7 6 6 1 7 6 1 1 6 6 6 0 6 2 0 6 6 7 0 1 7 6 7 7 6 6 4 7 0 4 7 7 6 0 6 7 7 5 2 3 0 7 0 6 7 6 6 6 4 6 7 0 6 6 6 2 1 6 6 6 6 7 6 6 6 2 4 7 2 2 6 7 6 2 2 6 4 5 4 4 5 2 7 7 6 6 2 6 0 5 6 7 7 1 0 0 3 0 2 6 6 7 6 4 3 7 5 1 
Evaluaciones: 100031
Generaciones: 1493
Tiempo memetico completo: 555.762

<------------------------------------------------------------------------->

Ejecutando rand con 20 restricciones y semilla 1345378882,
mejor valoracion ini: 90.2982
Mejor solucion Memetico Aleatoria
Error: 0
Desviacion General: 1.09012
Valoracion: 1.09012
1 2 2 0 2 2 0 1 0 1 0 2 0 1 1 0 1 2 0 2 2 0 0 1 2 2 2 1 0 0 2 2 1 1 1 0 2 1 2 0 2 0 1 2 2 1 1 1 0 1 0 0 1 0 2 2 2 1 1 2 2 2 2 2 2 2 1 2 2 1 1 2 2 2 1 1 0 1 1 2 0 0 0 0 0 0 2 0 0 0 1 0 1 1 1 0 2 2 0 0 2 1 0 1 2 0 1 2 2 0 1 1 0 0 2 2 2 0 0 1 0 1 2 1 1 0 0 0 1 1 0 2 2 0 1 0 1 1 0 0 1 1 1 0 2 1 2 0 1 2 
Evaluaciones: 100031
Generaciones: 1493
Tiempo memetico aleatorio: 56.979

<------------------------------------------------------------------------->

mejor valoracion ini: 89.6912
Mejor solucion Memetico Completo
Error: 0
Desviacion General: 0.78344
Valoracion: 0.78344
0 1 1 2 1 1 2 0 2 0 2 1 2 0 0 2 0 1 2 1 1 2 2 0 1 1 1 0 2 2 1 1 0 0 0 2 1 0 1 2 1 2 0 1 1 0 0 0 2 0 2 2 0 2 1 1 1 0 0 1 1 1 1 1 1 1 0 1 1 0 0 1 1 1 0 0 2 0 0 1 2 2 2 2 2 2 1 2 2 2 0 2 0 0 0 2 1 1 2 2 1 0 2 0 1 2 0 1 1 2 0 0 2 2 1 1 1 2 2 0 2 0 1 0 0 2 2 2 0 0 2 1 1 2 0 2 0 0 2 2 0 0 0 2 1 0 1 2 0 1 
Evaluaciones: 100031
Generaciones: 1493
Tiempo memetico completo: 85.7076

<------------------------------------------------------------------------->

Ejecutando newthryroid con 20 restricciones y semilla 1345378882,
mejor valoracion ini: 441.378
Mejor solucion Memetico Aleatoria
Error: 0
Desviacion General: 1.122
Valoracion: 1.122
0 1 0 0 1 0 2 0 0 0 0 1 0 0 1 0 2 1 1 0 0 2 0 0 0 2 2 0 0 0 1 0 0 0 0 1 0 0 0 0 1 2 2 0 0 0 0 0 0 0 0 2 2 1 0 0 0 1 0 0 0 2 2 1 0 0 0 0 1 0 0 2 0 0 0 1 0 0 0 0 0 2 0 0 0 0 0 0 0 2 2 0 0 0 1 2 0 0 0 2 0 2 0 0 0 0 0 0 1 0 0 0 1 1 0 0 0 0 0 0 0 0 0 0 0 2 2 0 0 0 0 0 2 0 2 0 0 1 0 0 0 0 0 0 0 2 2 1 0 0 0 0 2 0 1 2 0 2 0 0 0 1 0 2 2 0 0 0 0 0 0 0 2 2 1 2 0 2 1 0 0 0 0 1 1 0 0 0 1 0 0 0 0 1 0 1 0 0 0 0 0 1 0 0 0 0 2 0 0 0 0 0 2 0 0 
Evaluaciones: 100031
Generaciones: 1493
Tiempo memetico aleatorio: 114.775

<------------------------------------------------------------------------->

mejor valoracion ini: 441.378
Mejor solucion Memetico Completo
Error: 0
Desviacion General: 1.07515
Valoracion: 1.07515
2 0 2 2 0 2 1 2 2 2 2 0 2 2 0 2 1 0 0 2 2 1 2 2 2 1 1 2 2 2 0 2 2 2 2 0 2 2 2 2 0 1 1 2 2 2 2 2 2 2 2 1 1 0 2 2 2 0 2 2 2 1 1 0 2 2 2 2 0 2 2 1 2 2 2 0 2 2 2 2 2 1 2 2 2 2 2 2 2 1 1 2 2 2 0 1 2 2 2 1 2 1 2 2 2 2 2 2 0 2 2 2 0 0 2 2 2 2 2 2 2 2 2 2 2 1 1 2 2 2 2 2 1 2 1 2 2 0 2 2 2 2 2 2 2 1 1 0 2 2 2 2 1 2 0 1 2 1 2 2 2 0 2 1 1 2 2 2 2 2 2 2 1 1 0 1 2 1 0 2 2 2 2 0 0 2 2 2 0 2 2 2 2 0 2 0 2 2 2 2 2 0 2 2 2 2 1 2 2 2 2 2 1 2 2 
Evaluaciones: 100031
Generaciones: 1493
Tiempo memetico completo: 185.772

<------------------------------------------------------------------------->

Ejecutando iris con 10 restricciones y semilla 572718921,
mejor valoracion ini: 18.4438
Mejor solucion Memetico Aleatoria
Error: 0
Desviacion General: 0.0396865
Valoracion: 0.0396865
0 1 1 2 1 1 2 0 2 0 2 1 2 0 0 2 0 1 2 1 1 2 2 0 1 1 1 0 2 2 1 1 0 0 0 2 1 0 1 2 1 2 0 1 1 0 0 0 2 0 2 2 0 2 1 1 1 0 0 1 1 1 1 1 1 1 0 1 1 0 0 1 1 1 0 0 2 0 0 1 2 2 2 2 2 2 1 2 2 2 0 2 0 0 0 2 1 1 2 2 1 0 2 0 1 2 0 1 1 2 0 0 2 2 1 1 1 2 2 0 2 0 1 0 0 2 2 2 0 0 2 1 1 2 0 2 0 0 2 2 0 0 0 2 1 0 1 2 0 1 
Evaluaciones: 100031
Generaciones: 1493
Tiempo memetico aleatorio: 33.8225

<------------------------------------------------------------------------->

mejor valoracion ini: 18.4438
Mejor solucion Memetico Completo
Error: 0
Desviacion General: 0.0263436
Valoracion: 0.0263436
0 2 2 1 2 2 1 0 1 0 1 2 1 0 0 1 0 2 1 2 2 1 1 0 2 2 2 0 1 1 2 2 0 0 0 1 2 0 2 1 2 1 0 2 2 0 0 0 1 0 1 1 0 1 2 2 2 0 0 2 2 2 2 2 2 2 0 2 2 0 0 2 2 2 0 0 1 0 0 2 1 1 1 1 1 1 2 1 1 1 0 1 0 0 0 1 2 2 1 1 2 0 1 0 2 1 0 2 2 1 0 0 1 1 2 2 2 1 1 0 1 0 2 0 0 1 1 1 0 0 1 2 2 1 0 1 0 0 1 1 0 0 0 1 2 0 2 1 0 2 
Evaluaciones: 100031
Generaciones: 1493
Tiempo memetico completo: 51.0599

<------------------------------------------------------------------------->

Ejecutando ecoli con 10 restricciones y semilla 572718921,
mejor valoracion ini: 404.272
Mejor solucion Memetico Aleatoria
Error: 382
Desviacion General: 1.17131
Valoracion: 44.3737
2 3 3 3 3 7 2 3 3 7 3 3 5 7 2 3 7 3 1 2 4 0 3 3 0 5 3 4 3 0 3 0 2 3 3 3 2 3 1 3 7 7 4 3 4 7 6 3 6 2 7 1 7 6 3 0 1 1 2 3 3 0 4 2 3 3 4 3 3 3 3 7 3 6 3 3 0 7 6 4 3 4 1 3 3 0 2 5 3 7 3 7 5 3 7 7 3 3 3 7 3 5 4 3 0 3 4 3 0 3 3 3 3 7 3 3 5 2 3 3 3 3 2 3 5 2 3 1 3 3 3 7 1 5 0 4 6 7 3 7 7 3 5 4 3 6 3 7 3 3 7 0 7 2 4 3 3 2 2 3 2 3 2 3 3 2 6 7 0 7 1 3 3 2 2 3 2 3 3 2 3 3 3 3 3 2 3 3 2 3 3 3 3 5 3 3 3 2 2 2 4 3 7 5 2 7 7 3 4 3 7 0 6 6 3 3 3 7 3 1 3 2 3 3 3 2 4 5 2 3 3 7 2 3 7 7 3 3 3 4 3 7 1 3 3 6 1 7 2 3 2 2 3 3 1 2 1 4 2 5 3 4 3 5 0 1 7 7 1 5 5 3 2 3 3 3 1 3 6 1 3 3 3 7 6 3 3 3 3 2 3 3 3 7 0 2 2 7 3 6 3 7 7 3 1 1 1 4 1 7 0 2 3 3 7 3 4 1 3 2 0 7 0 4 1 1 0 3 3 2 3 1 7 5 5 6 
Evaluaciones: 100031
Generaciones: 1493
Tiempo memetico aleatorio: 181.12

<------------------------------------------------------------------------->

mejor valoracion ini: 404.267
Mejor solucion Memetico Completo
Error: 100
Desviacion General: 1.55312
Valoracion: 12.8626
1 7 7 7 7 5 1 7 7 5 7 7 5 5 1 7 5 7 0 1 6 4 7 7 1 3 7 2 7 4 7 1 1 7 7 7 1 7 4 7 5 5 6 7 2 5 1 7 1 1 6 4 5 5 7 1 0 0 1 7 7 1 4 1 7 7 6 7 7 7 7 5 7 1 7 7 1 5 1 2 7 2 0 7 7 3 1 1 7 5 7 5 0 7 5 5 7 7 7 5 7 1 2 7 1 7 2 7 1 7 7 7 7 3 7 7 1 1 7 7 7 7 1 7 1 1 7 0 7 7 7 5 0 2 1 2 2 3 7 5 6 7 1 2 7 1 7 5 7 7 5 5 5 1 2 7 7 1 1 7 1 7 1 7 7 1 0 5 1 5 0 7 7 1 1 7 1 7 7 1 7 7 7 7 7 1 7 7 1 7 7 7 7 1 7 7 7 1 1 1 2 7 5 1 2 5 6 7 2 7 3 1 0 1 7 7 7 5 7 4 7 1 7 7 7 1 2 1 1 7 7 3 1 7 5 5 7 7 7 2 7 5 4 7 7 1 2 5 1 7 1 1 7 7 4 1 2 3 1 1 7 2 7 1 1 4 5 5 4 1 2 7 1 7 7 7 0 7 1 2 7 7 7 5 3 7 7 7 7 1 7 7 7 5 6 1 4 5 7 1 7 5 5 7 2 4 0 6 4 5 1 1 7 7 5 7 2 0 7 1 1 5 2 2 0 2 6 7 7 1 7 0 6 1 3 4 
Evaluaciones: 100031
Generaciones: 1493
Tiempo memetico completo: 321.747

<------------------------------------------------------------------------->

Ejecutando rand con 10 restricciones y semilla 572718921,
mejor valoracion ini: 44.3739
Mejor solucion Memetico Aleatoria
Error: 0
Desviacion General: 1.07806
Valoracion: 1.07806
0 1 1 2 1 1 2 0 2 0 2 1 2 0 0 2 0 1 2 1 1 2 2 0 1 1 1 0 2 2 1 1 0 0 0 2 1 0 1 2 1 2 0 1 1 0 0 0 2 0 2 2 0 2 1 1 1 0 0 1 1 1 1 1 1 1 0 1 1 0 0 1 1 1 0 0 2 0 0 1 2 2 2 2 2 2 1 2 2 2 0 2 0 0 0 2 1 1 2 2 1 0 2 0 1 2 0 1 1 2 0 0 2 2 1 1 1 2 2 0 2 0 1 0 0 2 2 2 0 0 2 1 1 2 0 2 0 0 2 2 0 0 0 2 1 0 1 2 0 1 
Evaluaciones: 100031
Generaciones: 1493
Tiempo memetico aleatorio: 32.6547

<------------------------------------------------------------------------->

mejor valoracion ini: 44.3739
Mejor solucion Memetico Completo
Error: 0
Desviacion General: 1.0116
Valoracion: 1.0116
0 2 2 1 2 2 1 0 1 0 1 2 1 0 0 1 0 2 1 2 2 1 1 0 2 2 2 0 1 1 2 2 0 0 0 1 2 0 2 1 2 1 0 2 2 0 0 0 1 0 1 1 0 1 2 2 2 0 0 2 2 2 2 2 2 2 0 2 2 0 0 2 2 2 0 0 1 0 0 2 1 1 1 1 1 1 2 1 1 1 0 1 0 0 0 1 2 2 1 1 2 0 1 0 2 1 0 2 2 1 0 0 1 1 2 2 2 1 1 0 1 0 2 0 0 1 1 1 0 0 1 2 2 1 0 1 0 0 1 1 0 0 0 1 2 0 2 1 0 2 
Evaluaciones: 100031
Generaciones: 1493
Tiempo memetico completo: 49.6022

<------------------------------------------------------------------------->

Ejecutando newthyroid con 10 restricciones y semilla 572718921,
mejor valoracion ini: 220.233
Mejor solucion Memetico Aleatoria
Error: 0
Desviacion General: 1.3497
Valoracion: 1.3497
0 1 0 0 1 0 2 0 0 0 0 1 0 0 1 0 2 1 1 0 0 2 0 0 0 2 2 0 0 0 1 0 0 0 0 1 0 0 0 0 1 2 2 0 0 0 0 0 0 0 0 2 2 1 0 0 0 1 0 0 0 2 2 1 0 0 0 0 1 0 0 2 0 0 0 1 0 0 0 0 0 2 0 0 0 0 0 0 0 2 2 0 0 0 1 2 0 0 0 2 0 2 0 0 0 0 0 0 1 0 0 0 1 1 0 0 0 0 0 0 0 0 0 0 0 2 2 0 0 0 0 0 2 0 2 0 0 1 0 0 0 0 0 0 0 2 2 1 0 0 0 0 2 0 1 2 0 2 0 0 0 1 0 2 2 0 0 0 0 0 0 0 2 2 1 2 0 2 1 0 0 0 0 1 1 0 0 0 1 0 0 0 0 1 0 1 0 0 0 0 0 1 0 0 0 0 2 0 0 0 0 0 2 0 0 
Evaluaciones: 100031
Generaciones: 1493
Tiempo memetico aleatorio: 64.2301

<------------------------------------------------------------------------->

mejor valoracion ini: 214.154
Mejor solucion Memetico Completo
Error: 0
Desviacion General: 1.38603
Valoracion: 1.38603
0 2 0 0 2 0 1 0 0 0 0 2 0 0 2 0 1 2 2 0 0 1 0 0 0 1 1 0 0 0 2 0 0 0 0 2 0 0 0 0 2 1 1 0 0 0 0 0 0 0 0 1 1 2 0 0 0 2 0 0 0 1 1 2 0 0 0 0 2 0 0 1 0 0 0 2 0 0 0 0 0 1 0 0 0 0 0 0 0 1 1 0 0 0 2 1 0 0 0 1 0 1 0 0 0 0 0 0 2 0 0 0 2 2 0 0 0 0 0 0 0 0 0 0 0 1 1 0 0 0 0 0 1 0 1 0 0 2 0 0 0 0 0 0 0 1 1 2 0 0 0 0 1 0 2 1 0 1 0 0 0 2 0 1 1 0 0 0 0 0 0 0 1 1 2 1 0 1 2 0 0 0 0 2 2 0 0 0 2 0 0 0 0 2 0 2 0 0 0 0 0 2 0 0 0 0 1 0 0 0 0 0 1 0 0 
Evaluaciones: 100031
Generaciones: 1493
Tiempo memetico completo: 108.628

<------------------------------------------------------------------------->

Ejecutando iris con 20 restricciones y semilla 572718921,
mejor valoracion ini: 36.8939
Mejor solucion Memetico Aleatoria
Error: 0
Desviacion General: 0.0451818
Valoracion: 0.0451818
2 1 1 0 1 1 0 2 0 2 0 1 0 2 2 0 2 1 0 1 1 0 0 2 1 1 1 2 0 0 1 1 2 2 2 0 1 2 1 0 1 0 2 1 1 2 2 2 0 2 0 0 2 0 1 1 1 2 2 1 1 1 1 1 1 1 2 1 1 2 2 1 1 1 2 2 0 2 2 1 0 0 0 0 0 0 1 0 0 0 2 0 2 2 2 0 1 1 0 0 1 2 0 2 1 0 2 1 1 0 2 2 0 0 1 1 1 0 0 2 0 2 1 2 2 0 0 0 2 2 0 1 1 0 2 0 2 2 0 0 2 2 2 0 1 2 1 0 2 1 
Evaluaciones: 100031
Generaciones: 1493
Tiempo memetico aleatorio: 56.303

<------------------------------------------------------------------------->

mejor valoracion ini: 36.8939
Mejor solucion Memetico Completo
Error: 0
Desviacion General: 0.027954
Valoracion: 0.027954
1 2 2 0 2 2 0 1 0 1 0 2 0 1 1 0 1 2 0 2 2 0 0 1 2 2 2 1 0 0 2 2 1 1 1 0 2 1 2 0 2 0 1 2 2 1 1 1 0 1 0 0 1 0 2 2 2 1 1 2 2 2 2 2 2 2 1 2 2 1 1 2 2 2 1 1 0 1 1 2 0 0 0 0 0 0 2 0 0 0 1 0 1 1 1 0 2 2 0 0 2 1 0 1 2 0 1 2 2 0 1 1 0 0 2 2 2 0 0 1 0 1 2 1 1 0 0 0 1 1 0 2 2 0 1 0 1 1 0 0 1 1 1 0 2 1 2 0 1 2 
Evaluaciones: 100031
Generaciones: 1493
Tiempo memetico completo: 84.751

<------------------------------------------------------------------------->

mejor valoracion ini: 799.849
Mejor solucion Memetico Aleatoria
Error: 205
Desviacion General: 2.28298
Valoracion: 25.4675
6 5 5 5 5 1 6 5 5 1 5 5 1 1 6 5 1 5 0 6 2 0 5 5 6 3 5 0 5 4 5 6 6 5 5 5 6 5 0 5 1 1 1 5 0 1 6 5 6 6 1 0 1 1 5 6 2 0 6 5 5 6 0 6 5 5 4 5 5 5 5 1 5 6 5 5 6 1 6 0 5 3 2 5 5 4 6 6 5 1 5 1 2 5 1 1 5 5 5 1 5 6 0 5 6 5 0 5 6 5 5 5 5 1 5 5 6 6 5 5 5 5 6 5 6 6 5 2 5 5 5 1 3 0 6 0 0 1 5 1 1 5 6 0 5 6 5 1 5 5 1 1 1 6 0 5 5 6 6 5 6 5 7 5 5 6 4 1 6 1 3 5 5 6 6 5 6 5 5 6 5 5 5 5 5 7 5 5 6 5 5 5 5 6 5 5 5 7 6 6 0 5 1 6 0 1 1 5 0 5 1 6 2 6 5 5 5 1 5 0 5 7 5 5 5 6 0 6 6 5 5 1 6 5 1 1 5 5 5 0 5 1 0 5 5 6 0 1 6 5 6 6 5 5 3 6 0 4 6 6 5 0 5 6 6 3 1 1 4 6 0 5 6 5 5 5 2 5 6 4 5 5 5 1 2 5 5 5 5 6 5 5 5 1 2 6 1 1 5 7 5 1 1 5 0 3 2 3 2 1 6 6 5 5 1 5 0 2 5 6 6 1 0 0 3 0 2 5 5 6 5 2 1 6 3 3 
Evaluaciones: 100031
Generaciones: 1493
Tiempo memetico aleatorio: 341.02

<------------------------------------------------------------------------->

mejor valoracion ini: 799.849
Mejor solucion Memetico Completo
Error: 142
Desviacion General: 2.19119
Valoracion: 18.2507
7 0 0 0 0 6 7 0 0 6 0 0 6 6 7 0 6 0 5 7 3 5 0 0 7 4 0 5 0 1 0 7 7 0 0 0 7 0 5 0 4 6 6 0 5 4 7 0 7 7 6 5 6 6 0 7 2 5 7 0 0 7 5 7 0 0 3 0 0 0 0 6 0 7 0 0 7 6 7 5 0 5 2 0 0 3 7 7 0 6 0 6 1 0 2 4 0 0 0 6 0 7 5 0 7 0 5 0 7 0 0 0 0 6 0 0 7 7 0 0 0 0 7 0 7 7 0 4 0 0 0 6 3 5 7 5 5 6 0 6 6 0 7 5 0 7 0 6 0 0 6 6 6 7 5 0 0 7 7 0 7 0 7 0 0 7 2 6 7 6 4 0 0 7 7 0 7 0 0 7 0 0 0 0 0 7 0 0 7 0 0 0 0 7 0 0 0 7 7 7 5 0 6 7 5 6 6 0 5 0 6 7 1 7 0 0 0 6 0 5 0 7 0 0 0 7 5 7 7 0 0 6 7 0 6 2 0 0 0 5 0 6 5 0 0 7 5 6 7 0 7 7 0 0 3 7 5 1 7 7 0 5 0 7 7 4 6 6 5 7 5 0 7 0 0 0 3 0 7 5 0 0 0 6 1 0 0 0 0 7 0 0 0 6 4 7 6 6 0 7 0 6 6 0 5 1 1 3 3 6 7 7 0 0 6 0 5 1 0 7 7 6 5 5 1 5 2 0 0 7 0 3 6 7 3 3 
Evaluaciones: 100031
Generaciones: 1493
Tiempo memetico completo: 583.315

<------------------------------------------------------------------------->

Ejecutando rand con 20 restricciones y semilla 572718921,
mejor valoracion ini: 85.0673
Mejor solucion Memetico Aleatoria
Error: 0
Desviacion General: 0.69916
Valoracion: 0.69916
0 1 1 2 1 1 2 0 2 0 2 1 2 0 0 2 0 1 2 1 1 2 2 0 1 1 1 0 2 2 1 1 0 0 0 2 1 0 1 2 1 2 0 1 1 0 0 0 2 0 2 2 0 2 1 1 1 0 0 1 1 1 1 1 1 1 0 1 1 0 0 1 1 1 0 0 2 0 0 1 2 2 2 2 2 2 1 2 2 2 0 2 0 0 0 2 1 1 2 2 1 0 2 0 1 2 0 1 1 2 0 0 2 2 1 1 1 2 2 0 2 0 1 0 0 2 2 2 0 0 2 1 1 2 0 2 0 0 2 2 0 0 0 2 1 0 1 2 0 1 
Evaluaciones: 100031
Generaciones: 1493
Tiempo memetico aleatorio: 57.9934

<------------------------------------------------------------------------->

mejor valoracion ini: 85.0673
Mejor solucion Memetico Completo
Error: 0
Desviacion General: 0.924422
Valoracion: 0.924422
1 2 2 0 2 2 0 1 0 1 0 2 0 1 1 0 1 2 0 2 2 0 0 1 2 2 2 1 0 0 2 2 1 1 1 0 2 1 2 0 2 0 1 2 2 1 1 1 0 1 0 0 1 0 2 2 2 1 1 2 2 2 2 2 2 2 1 2 2 1 1 2 2 2 1 1 0 1 1 2 0 0 0 0 0 0 2 0 0 0 1 0 1 1 1 0 2 2 0 0 2 1 0 1 2 0 1 2 2 0 1 1 0 0 2 2 2 0 0 1 0 1 2 1 1 0 0 0 1 1 0 2 2 0 1 0 1 1 0 0 1 1 1 0 2 1 2 0 1 2 
Evaluaciones: 100031
Generaciones: 1493
Tiempo memetico completo: 84.9005

<------------------------------------------------------------------------->

Ejecutando newthryroid con 20 restricciones y semilla 572718921,
mejor valoracion ini: 443.197
Mejor solucion Memetico Aleatoria
Error: 0
Desviacion General: 1.22971
Valoracion: 1.22971
2 0 2 2 0 2 1 2 2 2 2 0 2 2 0 2 1 0 0 2 2 1 2 2 2 1 1 2 2 2 0 2 2 2 2 0 2 2 2 2 0 1 1 2 2 2 2 2 2 2 2 1 1 0 2 2 2 0 2 2 2 1 1 0 2 2 2 2 0 2 2 1 2 2 2 0 2 2 2 2 2 1 2 2 2 2 2 2 2 1 1 2 2 2 0 1 2 2 2 1 2 1 2 2 2 2 2 2 0 2 2 2 0 0 2 2 2 2 2 2 2 2 2 2 2 1 1 2 2 2 2 2 1 2 1 2 2 0 2 2 2 2 2 2 2 1 1 0 2 2 2 2 1 2 0 1 2 1 2 2 2 0 2 1 1 2 2 2 2 2 2 2 1 1 0 1 2 1 0 2 2 2 2 0 0 2 2 2 0 2 2 2 2 0 2 0 2 2 2 2 2 0 2 2 2 2 1 2 2 2 2 2 1 2 2 
Evaluaciones: 100031
Generaciones: 1493
Tiempo memetico aleatorio: 114.347

<------------------------------------------------------------------------->

mejor valoracion ini: 440.806
Mejor solucion Memetico Completo
Error: 0
Desviacion General: 0.937389
Valoracion: 0.937389
2 0 2 2 0 2 1 2 2 2 2 0 2 2 0 2 1 0 0 2 2 1 2 2 2 1 1 2 2 2 0 2 2 2 2 0 2 2 2 2 0 1 1 2 2 2 2 2 2 2 2 1 1 0 2 2 2 0 2 2 2 1 1 0 2 2 2 2 0 2 2 1 2 2 2 0 2 2 2 2 2 1 2 2 2 2 2 2 2 1 1 2 2 2 0 1 2 2 2 1 2 1 2 2 2 2 2 2 0 2 2 2 0 0 2 2 2 2 2 2 2 2 2 2 2 1 1 2 2 2 2 2 1 2 1 2 2 0 2 2 2 2 2 2 2 1 1 0 2 2 2 2 1 2 0 1 2 1 2 2 2 0 2 1 1 2 2 2 2 2 2 2 1 1 0 1 2 1 0 2 2 2 2 0 0 2 2 2 0 2 2 2 2 0 2 0 2 2 2 2 2 0 2 2 2 2 1 2 2 2 2 2 1 2 2 
Evaluaciones: 100031
Generaciones: 1493
Tiempo memetico completo: 189.164

<------------------------------------------------------------------------->

Ejecutando iris con 10 restricciones y semilla 34737829,
mejor valoracion ini: 18.555
Mejor solucion Memetico Aleatoria
Error: 0
Desviacion General: 0.041567
Valoracion: 0.041567
0 2 2 1 2 2 1 0 1 0 1 2 1 0 0 1 0 2 1 2 2 1 1 0 2 2 2 0 1 1 2 2 0 0 0 1 2 0 2 1 2 1 0 2 2 0 0 0 1 0 1 1 0 1 2 2 2 0 0 2 2 2 2 2 2 2 0 2 2 0 0 2 2 2 0 0 1 0 0 2 1 1 1 1 1 1 2 1 1 1 0 1 0 0 0 1 2 2 1 1 2 0 1 0 2 1 0 2 2 1 0 0 1 1 2 2 2 1 1 0 1 0 2 0 0 1 1 1 0 0 1 2 2 1 0 1 0 0 1 1 0 0 0 1 2 0 2 1 0 2 
Evaluaciones: 100031
Generaciones: 1493
Tiempo memetico aleatorio: 33.0724

<------------------------------------------------------------------------->

mejor valoracion ini: 18.555
Mejor solucion Memetico Completo
Error: 0
Desviacion General: 0.027954
Valoracion: 0.027954
1 2 2 0 2 2 0 1 0 1 0 2 0 1 1 0 1 2 0 2 2 0 0 1 2 2 2 1 0 0 2 2 1 1 1 0 2 1 2 0 2 0 1 2 2 1 1 1 0 1 0 0 1 0 2 2 2 1 1 2 2 2 2 2 2 2 1 2 2 1 1 2 2 2 1 1 0 1 1 2 0 0 0 0 0 0 2 0 0 0 1 0 1 1 1 0 2 2 0 0 2 1 0 1 2 0 1 2 2 0 1 1 0 0 2 2 2 0 0 1 0 1 2 1 1 0 0 0 1 1 0 2 2 0 1 0 1 1 0 0 1 1 1 0 2 1 2 0 1 2 
Evaluaciones: 100031
Generaciones: 1493
Tiempo memetico completo: 50.7573

<------------------------------------------------------------------------->

Ejecutando ecoli con 10 restricciones y semilla 34737829,
mejor valoracion ini: 402.134
Mejor solucion Memetico Aleatoria
Error: 280
Desviacion General: 1.74793
Valoracion: 33.4146
0 3 3 3 3 4 0 3 3 7 3 3 1 4 4 3 7 3 6 0 5 5 3 3 0 2 3 2 3 6 3 0 0 3 3 3 0 3 1 3 7 4 7 3 2 4 0 3 0 0 4 1 4 1 3 0 4 5 0 3 3 0 6 0 3 3 7 3 3 3 3 6 3 0 3 3 0 6 0 2 3 5 4 3 3 6 0 0 3 7 3 4 7 3 7 6 3 3 3 5 3 0 5 3 0 3 6 3 0 3 3 3 3 1 3 3 0 0 3 3 3 3 0 3 0 0 3 6 3 3 3 4 2 7 0 4 6 5 3 1 1 3 0 1 3 0 3 7 3 3 7 4 4 0 6 3 3 0 0 3 5 3 0 3 3 0 2 5 0 6 7 3 3 0 0 3 0 3 3 0 3 3 3 3 3 0 3 3 0 3 3 3 3 0 3 3 3 5 0 0 7 3 4 0 1 4 4 3 7 3 1 0 2 0 3 3 3 7 3 6 3 0 3 3 3 0 5 0 0 3 3 5 0 3 4 4 3 3 3 7 3 1 7 3 3 0 7 1 0 3 0 0 3 3 6 0 7 4 0 0 3 7 3 0 0 5 5 1 7 0 2 3 0 3 3 3 7 3 0 5 3 3 3 4 2 3 3 3 3 0 3 3 3 5 7 0 7 2 3 0 3 4 4 3 4 6 6 2 6 1 0 0 3 3 4 3 6 7 3 0 0 4 6 6 7 6 4 3 3 0 3 7 7 0 2 1 
Evaluaciones: 100031
Generaciones: 1493
Tiempo memetico aleatorio: 184.214

<------------------------------------------------------------------------->

mejor valoracion ini: 398.179
Mejor solucion Memetico Completo
Error: 139
Desviacion General: 1.81751
Valoracion: 17.5377
4 7 7 7 7 0 4 7 7 0 7 7 1 0 4 7 5 7 2 4 6 2 7 7 4 2 7 3 7 6 7 4 4 7 7 7 4 7 3 7 0 0 1 7 3 0 4 7 4 4 0 3 0 1 7 4 3 2 4 7 7 4 3 4 7 7 6 7 7 7 7 1 7 4 7 7 4 0 4 3 7 3 5 7 7 2 4 4 7 0 7 1 5 7 0 0 7 7 7 5 7 4 2 7 4 7 2 7 4 7 7 7 7 1 7 7 4 4 7 7 7 7 4 7 4 4 7 3 7 7 7 0 5 3 4 2 2 0 7 0 1 7 4 3 7 4 7 0 7 7 0 0 0 4 3 7 7 4 4 7 4 7 4 7 7 4 2 0 4 0 5 7 7 4 4 7 4 7 7 4 7 7 7 7 7 4 7 7 4 7 7 7 7 4 7 7 7 4 4 4 3 7 0 4 3 0 6 7 5 7 1 4 5 4 7 7 7 0 7 3 7 4 7 7 7 4 3 4 4 7 7 0 4 7 0 1 7 7 7 3 7 0 6 7 7 4 2 0 4 7 4 4 7 7 6 4 2 3 4 4 7 3 7 4 4 0 0 0 5 4 3 7 4 7 7 7 5 7 4 6 7 7 7 5 1 7 7 7 7 4 7 7 7 0 6 4 0 5 7 4 7 1 1 7 3 0 5 2 1 0 4 4 7 7 0 7 3 2 7 4 4 1 2 1 5 2 1 7 7 4 7 5 1 4 1 6 
Evaluaciones: 100031
Generaciones: 1493
Tiempo memetico completo: 320.781

<------------------------------------------------------------------------->

Ejecutando rand con 10 restricciones y semilla 34737829,
mejor valoracion ini: 45.8532
Mejor solucion Memetico Aleatoria
Error: 0
Desviacion General: 0.891307
Valoracion: 0.891307
1 0 0 2 0 0 2 1 2 1 2 0 2 1 1 2 1 0 2 0 0 2 2 1 0 0 0 1 2 2 0 0 1 1 1 2 0 1 0 2 0 2 1 0 0 1 1 1 2 1 2 2 1 2 0 0 0 1 1 0 0 0 0 0 0 0 1 0 0 1 1 0 0 0 1 1 2 1 1 0 2 2 2 2 2 2 0 2 2 2 1 2 1 1 1 2 0 0 2 2 0 1 2 1 0 2 1 0 0 2 1 1 2 2 0 0 0 2 2 1 2 1 0 1 1 2 2 2 1 1 2 0 0 2 1 2 1 1 2 2 1 1 1 2 0 1 0 2 1 0 
Evaluaciones: 100031
Generaciones: 1493
Tiempo memetico aleatorio: 33.2241

<------------------------------------------------------------------------->

mejor valoracion ini: 45.6298
Mejor solucion Memetico Completo
Error: 0
Desviacion General: 1.10895
Valoracion: 1.10895
1 2 2 0 2 2 0 1 0 1 0 2 0 1 1 0 1 2 0 2 2 0 0 1 2 2 2 1 0 0 2 2 1 1 1 0 2 1 2 0 2 0 1 2 2 1 1 1 0 1 0 0 1 0 2 2 2 1 1 2 2 2 2 2 2 2 1 2 2 1 1 2 2 2 1 1 0 1 1 2 0 0 0 0 0 0 2 0 0 0 1 0 1 1 1 0 2 2 0 0 2 1 0 1 2 0 1 2 2 0 1 1 0 0 2 2 2 0 0 1 0 1 2 1 1 0 0 0 1 1 0 2 2 0 1 0 1 1 0 0 1 1 1 0 2 1 2 0 1 2 
Evaluaciones: 100031
Generaciones: 1493
Tiempo memetico completo: 49.2495

<------------------------------------------------------------------------->

Ejecutando newthyroid con 10 restricciones y semilla 34737829,
mejor valoracion ini: 221.192
Mejor solucion Memetico Aleatoria
Error: 0
Desviacion General: 1.39657
Valoracion: 1.39657
2 1 2 2 1 2 0 2 2 2 2 1 2 2 1 2 0 1 1 2 2 0 2 2 2 0 0 2 2 2 1 2 2 2 2 1 2 2 2 2 1 0 0 2 2 2 2 2 2 2 2 0 0 1 2 2 2 1 2 2 2 0 0 1 2 2 2 2 1 2 2 0 2 2 2 1 2 2 2 2 2 0 2 2 2 2 2 2 2 0 0 2 2 2 1 0 2 2 2 0 2 0 2 2 2 2 2 2 1 2 2 2 1 1 2 2 2 2 2 2 2 2 2 2 2 0 0 2 2 2 2 2 0 2 0 2 2 1 2 2 2 2 2 2 2 0 0 1 2 2 2 2 0 2 1 0 2 0 2 2 2 1 2 0 0 2 2 2 2 2 2 2 0 0 1 0 2 0 1 2 2 2 2 1 1 2 2 2 1 2 2 2 2 1 2 1 2 2 2 2 2 1 2 2 2 2 0 2 2 2 2 2 0 2 2 
Evaluaciones: 100031
Generaciones: 1493
Tiempo memetico aleatorio: 63.87

<------------------------------------------------------------------------->

mejor valoracion ini: 209.404
Mejor solucion Memetico Completo
Error: 0
Desviacion General: 1.21365
Valoracion: 1.21365
2 1 2 2 1 2 0 2 2 2 2 1 2 2 1 2 0 1 1 2 2 0 2 2 2 0 0 2 2 2 1 2 2 2 2 1 2 2 2 2 1 0 0 2 2 2 2 2 2 2 2 0 0 1 2 2 2 1 2 2 2 0 0 1 2 2 2 2 1 2 2 0 2 2 2 1 2 2 2 2 2 0 2 2 2 2 2 2 2 0 0 2 2 2 1 0 2 2 2 0 2 0 2 2 2 2 2 2 1 2 2 2 1 1 2 2 2 2 2 2 2 2 2 2 2 0 0 2 2 2 2 2 0 2 0 2 2 1 2 2 2 2 2 2 2 0 0 1 2 2 2 2 0 2 1 0 2 0 2 2 2 1 2 0 0 2 2 2 2 2 2 2 0 0 1 0 2 0 1 2 2 2 2 1 1 2 2 2 1 2 2 2 2 1 2 1 2 2 2 2 2 1 2 2 2 2 0 2 2 2 2 2 0 2 2 
Evaluaciones: 100031
Generaciones: 1493
Tiempo memetico completo: 107.297

<------------------------------------------------------------------------->

Ejecutando iris con 20 restricciones y semilla 34737829,
mejor valoracion ini: 37.344
Mejor solucion Memetico Aleatoria
Error: 0
Desviacion General: 0.0293859
Valoracion: 0.0293859
2 1 1 0 1 1 0 2 0 2 0 1 0 2 2 0 2 1 0 1 1 0 0 2 1 1 1 2 0 0 1 1 2 2 2 0 1 2 1 0 1 0 2 1 1 2 2 2 0 2 0 0 2 0 1 1 1 2 2 1 1 1 1 1 1 1 2 1 1 2 2 1 1 1 2 2 0 2 2 1 0 0 0 0 0 0 1 0 0 0 2 0 2 2 2 0 1 1 0 0 1 2 0 2 1 0 2 1 1 0 2 2 0 0 1 1 1 0 0 2 0 2 1 2 2 0 0 0 2 2 0 1 1 0 2 0 2 2 0 0 2 2 2 0 1 2 1 0 2 1 
Evaluaciones: 100031
Generaciones: 1493
Tiempo memetico aleatorio: 57.1779

<------------------------------------------------------------------------->

mejor valoracion ini: 37.3028
Mejor solucion Memetico Completo
Error: 0
Desviacion General: 0.027954
Valoracion: 0.027954
2 1 1 0 1 1 0 2 0 2 0 1 0 2 2 0 2 1 0 1 1 0 0 2 1 1 1 2 0 0 1 1 2 2 2 0 1 2 1 0 1 0 2 1 1 2 2 2 0 2 0 0 2 0 1 1 1 2 2 1 1 1 1 1 1 1 2 1 1 2 2 1 1 1 2 2 0 2 2 1 0 0 0 0 0 0 1 0 0 0 2 0 2 2 2 0 1 1 0 0 1 2 0 2 1 0 2 1 1 0 2 2 0 0 1 1 1 0 0 2 0 2 1 2 2 0 0 0 2 2 0 1 1 0 2 0 2 2 0 0 2 2 2 0 1 2 1 0 2 1 
Evaluaciones: 100031
Generaciones: 1493
Tiempo memetico completo: 86.0948

<------------------------------------------------------------------------->

mejor valoracion ini: 806.624
Mejor solucion Memetico Aleatoria
Error: 163
Desviacion General: 1.86509
Valoracion: 20.2996
2 5 5 5 5 7 2 5 5 7 5 5 7 7 2 5 7 5 1 2 0 6 5 5 2 4 5 1 5 3 5 2 2 5 5 5 2 5 1 5 7 7 7 5 1 7 2 5 2 2 7 1 7 7 5 2 3 1 2 5 5 2 4 2 5 5 4 5 5 5 5 7 5 2 5 5 2 7 2 1 5 3 0 5 5 0 2 2 5 7 5 7 0 5 7 7 5 5 5 7 5 2 6 5 2 5 1 5 2 5 5 5 5 7 5 5 2 2 5 5 5 5 2 5 2 2 5 6 5 5 5 7 3 6 2 1 1 7 5 7 7 5 2 6 5 2 5 7 5 5 7 7 7 2 6 5 5 2 2 5 2 5 2 5 5 2 0 7 2 7 0 5 5 2 2 5 2 5 5 2 5 5 5 5 5 2 5 5 2 5 5 5 5 2 5 5 5 2 2 2 6 5 7 2 6 7 7 5 3 5 7 2 0 2 5 5 5 7 5 1 5 2 5 5 5 2 6 2 2 5 5 7 2 5 7 7 5 5 5 6 5 7 1 5 5 2 1 7 2 5 2 2 5 5 3 2 6 6 2 2 5 1 5 2 2 4 7 7 6 2 1 5 2 5 5 5 0 5 2 1 5 5 5 7 3 5 5 5 5 2 5 5 5 7 0 2 7 7 5 2 5 7 7 5 6 3 3 4 3 7 2 2 5 5 7 5 1 0 5 2 2 7 6 6 3 1 4 5 5 2 5 0 7 2 4 4 
Evaluaciones: 100031
Generaciones: 1493
Tiempo memetico aleatorio: 314.397

<------------------------------------------------------------------------->

mejor valoracion ini: 806.624
Mejor solucion Memetico Completo
Error: 240
Desviacion General: 2.21952
Valoracion: 29.3624
4 7 7 7 7 2 4 7 7 2 7 7 2 2 4 7 2 7 6 0 1 5 7 7 4 1 7 6 7 5 7 4 4 7 7 7 4 7 6 7 2 2 2 7 1 2 4 7 4 4 2 6 2 2 7 4 5 6 4 7 7 4 3 4 7 7 1 7 7 7 7 2 7 4 7 7 4 2 4 6 7 6 1 7 7 1 4 4 7 2 7 2 1 7 2 2 7 7 7 2 7 4 6 7 4 7 6 7 4 7 7 7 7 2 7 7 4 4 7 7 7 7 4 7 0 4 7 5 7 7 7 2 3 6 4 6 6 2 7 2 2 7 4 6 7 4 7 2 7 7 2 2 2 4 6 7 7 4 4 7 4 7 4 7 7 4 1 2 4 2 3 7 7 0 4 7 4 7 7 4 7 7 7 7 7 0 7 7 4 7 7 7 7 4 7 7 7 4 4 4 6 7 2 4 6 2 2 7 3 7 2 4 1 4 7 7 7 2 7 3 7 4 7 7 7 4 6 4 4 7 7 2 4 7 2 2 7 7 7 6 7 2 6 7 7 4 6 2 4 7 4 4 7 7 1 4 6 0 4 4 7 6 7 4 0 3 2 2 3 4 6 7 4 7 7 7 6 7 4 6 7 7 7 2 5 7 7 7 7 4 7 7 7 2 5 4 2 2 7 4 7 2 2 7 6 1 1 1 1 2 0 4 7 7 2 7 6 5 7 4 4 2 6 6 5 6 5 7 7 4 7 3 2 4 3 5 
Evaluaciones: 100031
Generaciones: 1493
Tiempo memetico completo: 550.965

<------------------------------------------------------------------------->

Ejecutando rand con 20 restricciones y semilla 34737829,
mejor valoracion ini: 89.661
Mejor solucion Memetico Aleatoria
Error: 0
Desviacion General: 0.50084
Valoracion: 0.50084
0 1 1 2 1 1 2 0 2 0 2 1 2 0 0 2 0 1 2 1 1 2 2 0 1 1 1 0 2 2 1 1 0 0 0 2 1 0 1 2 1 2 0 1 1 0 0 0 2 0 2 2 0 2 1 1 1 0 0 1 1 1 1 1 1 1 0 1 1 0 0 1 1 1 0 0 2 0 0 1 2 2 2 2 2 2 1 2 2 2 0 2 0 0 0 2 1 1 2 2 1 0 2 0 1 2 0 1 1 2 0 0 2 2 1 1 1 2 2 0 2 0 1 0 0 2 2 2 0 0 2 1 1 2 0 2 0 0 2 2 0 0 0 2 1 0 1 2 0 1 
Evaluaciones: 100031
Generaciones: 1493
Tiempo memetico aleatorio: 56.5917

<------------------------------------------------------------------------->

mejor valoracion ini: 89.661
Mejor solucion Memetico Completo
Error: 0
Desviacion General: 0.6298
Valoracion: 0.6298
1 2 2 0 2 2 0 1 0 1 0 2 0 1 1 0 1 2 0 2 2 0 0 1 2 2 2 1 0 0 2 2 1 1 1 0 2 1 2 0 2 0 1 2 2 1 1 1 0 1 0 0 1 0 2 2 2 1 1 2 2 2 2 2 2 2 1 2 2 1 1 2 2 2 1 1 0 1 1 2 0 0 0 0 0 0 2 0 0 0 1 0 1 1 1 0 2 2 0 0 2 1 0 1 2 0 1 2 2 0 1 1 0 0 2 2 2 0 0 1 0 1 2 1 1 0 0 0 1 1 0 2 2 0 1 0 1 1 0 0 1 1 1 0 2 1 2 0 1 2 
Evaluaciones: 100031
Generaciones: 1493
Tiempo memetico completo: 84.969

<------------------------------------------------------------------------->

Ejecutando newthryroid con 20 restricciones y semilla 34737829,
mejor valoracion ini: 444.007
Mejor solucion Memetico Aleatoria
Error: 0
Desviacion General: 0.986461
Valoracion: 0.986461
1 2 1 1 2 1 0 1 1 1 1 2 1 1 2 1 0 2 2 1 1 0 1 1 1 0 0 1 1 1 2 1 1 1 1 2 1 1 1 1 2 0 0 1 1 1 1 1 1 1 1 0 0 2 1 1 1 2 1 1 1 0 0 2 1 1 1 1 2 1 1 0 1 1 1 2 1 1 1 1 1 0 1 1 1 1 1 1 1 0 0 1 1 1 2 0 1 1 1 0 1 0 1 1 1 1 1 1 2 1 1 1 2 2 1 1 1 1 1 1 1 1 1 1 1 0 0 1 1 1 1 1 0 1 0 1 1 2 1 1 1 1 1 1 1 0 0 2 1 1 1 1 0 1 2 0 1 0 1 1 1 2 1 0 0 1 1 1 1 1 1 1 0 0 2 0 1 0 2 1 1 1 1 2 2 1 1 1 2 1 1 1 1 2 1 2 1 1 1 1 1 2 1 1 1 1 0 1 1 1 1 1 0 1 1 
Evaluaciones: 100031
Generaciones: 1493
Tiempo memetico aleatorio: 113.524

<------------------------------------------------------------------------->

mejor valoracion ini: 437.3
Mejor solucion Memetico Completo
Error: 0
Desviacion General: 1.10402
Valoracion: 1.10402
2 1 2 2 1 2 0 2 2 2 2 1 2 2 1 2 0 1 1 2 2 0 2 2 2 0 0 2 2 2 1 2 2 2 2 1 2 2 2 2 1 0 0 2 2 2 2 2 2 2 2 0 0 1 2 2 2 1 2 2 2 0 0 1 2 2 2 2 1 2 2 0 2 2 2 1 2 2 2 2 2 0 2 2 2 2 2 2 2 0 0 2 2 2 1 0 2 2 2 0 2 0 2 2 2 2 2 2 1 2 2 2 1 1 2 2 2 2 2 2 2 2 2 2 2 0 0 2 2 2 2 2 0 2 0 2 2 1 2 2 2 2 2 2 2 0 0 1 2 2 2 2 0 2 1 0 2 0 2 2 2 1 2 0 0 2 2 2 2 2 2 2 0 0 1 0 2 0 1 2 2 2 2 1 1 2 2 2 1 2 2 2 2 1 2 1 2 2 2 2 2 1 2 2 2 2 0 2 2 2 2 2 0 2 2 
Evaluaciones: 100031
Generaciones: 1493
Tiempo memetico completo: 186.924

<------------------------------------------------------------------------->

Ejecutando iris con 10 restricciones y semilla 28388992,
mejor valoracion ini: 18.8296
Mejor solucion Memetico Aleatoria
Error: 0
Desviacion General: 0.0316638
Valoracion: 0.0316638
1 0 0 2 0 0 2 1 2 1 2 0 2 1 1 2 1 0 2 0 0 2 2 1 0 0 0 1 2 2 0 0 1 1 1 2 0 1 0 2 0 2 1 0 0 1 1 1 2 1 2 2 1 2 0 0 0 1 1 0 0 0 0 0 0 0 1 0 0 1 1 0 0 0 1 1 2 1 1 0 2 2 2 2 2 2 0 2 2 2 1 2 1 1 1 2 0 0 2 2 0 1 2 1 0 2 1 0 0 2 1 1 2 2 0 0 0 2 2 1 2 1 0 1 1 2 2 2 1 1 2 0 0 2 1 2 1 1 2 2 1 1 1 2 0 1 0 2 1 0 
Evaluaciones: 100031
Generaciones: 1493
Tiempo memetico aleatorio: 33.2734

<------------------------------------------------------------------------->

mejor valoracion ini: 18.1148
Mejor solucion Memetico Completo
Error: 0
Desviacion General: 0.027954
Valoracion: 0.027954
0 1 1 2 1 1 2 0 2 0 2 1 2 0 0 2 0 1 2 1 1 2 2 0 1 1 1 0 2 2 1 1 0 0 0 2 1 0 1 2 1 2 0 1 1 0 0 0 2 0 2 2 0 2 1 1 1 0 0 1 1 1 1 1 1 1 0 1 1 0 0 1 1 1 0 0 2 0 0 1 2 2 2 2 2 2 1 2 2 2 0 2 0 0 0 2 1 1 2 2 1 0 2 0 1 2 0 1 1 2 0 0 2 2 1 1 1 2 2 0 2 0 1 0 0 2 2 2 0 0 2 1 1 2 0 2 0 0 2 2 0 0 0 2 1 0 1 2 0 1 
Evaluaciones: 100031
Generaciones: 1493
Tiempo memetico completo: 49.6706

<------------------------------------------------------------------------->

Ejecutando ecoli con 10 restricciones y semilla 28388992,
mejor valoracion ini: 403.242
Mejor solucion Memetico Aleatoria
Error: 243
Desviacion General: 1.35223
Valoracion: 28.8344
3 7 7 7 7 6 3 7 7 4 7 7 1 4 3 7 1 7 0 3 5 2 7 7 3 5 7 2 7 1 7 3 3 7 7 7 3 7 2 7 4 4 1 7 6 4 3 7 3 3 4 4 4 5 7 3 6 6 3 7 7 3 1 3 7 7 0 7 7 7 7 4 7 3 7 7 3 4 3 2 7 5 0 7 7 1 3 3 7 4 7 1 1 7 6 4 7 7 7 6 7 3 0 7 3 7 5 7 3 7 7 7 7 4 7 7 3 3 7 7 7 7 3 7 3 3 7 6 7 7 7 4 0 2 3 0 2 4 7 4 4 7 2 2 7 3 7 4 7 7 4 4 4 3 5 7 7 3 3 7 3 7 3 7 7 3 2 1 3 4 6 7 7 3 3 7 3 7 7 3 7 7 7 7 7 3 7 7 3 7 7 7 7 3 7 7 7 3 3 3 2 7 6 3 2 1 0 7 2 7 6 3 6 3 7 7 7 4 7 6 7 3 7 7 7 3 5 2 3 7 7 4 3 7 4 1 7 7 7 0 7 1 0 7 7 3 0 4 3 7 3 3 7 7 5 3 0 6 2 3 7 0 7 1 3 0 1 1 6 3 6 7 2 7 7 7 6 7 3 2 7 7 7 1 5 7 7 7 7 3 7 7 7 4 0 3 4 6 7 3 7 4 4 7 0 1 6 0 0 6 3 3 7 7 0 7 2 5 7 3 3 6 2 4 0 5 5 7 7 3 7 5 4 3 0 5 
Evaluaciones: 100031
Generaciones: 1493
Tiempo memetico aleatorio: 181.293

<------------------------------------------------------------------------->

mejor valoracion ini: 400.951
Mejor solucion Memetico Completo
Error: 418
Desviacion General: 0.533772
Valoracion: 47.8076
6 7 7 7 7 1 6 7 7 1 7 7 0 1 0 7 3 7 4 5 3 4 7 7 6 2 7 0 7 4 7 5 6 7 7 7 6 7 4 7 1 1 3 7 0 3 6 7 5 6 1 4 4 3 7 5 2 4 6 7 7 6 0 6 7 7 5 7 7 7 7 3 7 5 7 7 5 1 5 3 7 3 2 7 7 6 5 5 7 1 7 2 3 7 2 1 7 7 7 1 7 5 0 7 5 7 4 7 6 7 7 7 7 3 7 7 6 5 7 7 7 7 5 7 5 6 7 1 7 7 7 1 1 4 6 4 4 3 7 1 3 7 5 0 7 6 7 1 7 7 1 1 1 5 4 7 7 6 0 7 6 7 0 7 7 6 0 3 5 1 2 7 7 6 6 7 5 7 7 5 7 7 7 7 7 6 7 7 0 7 7 7 7 5 7 7 7 6 5 6 0 7 2 6 0 3 3 7 2 7 2 5 5 5 7 7 7 1 7 1 7 5 7 7 7 6 3 5 5 7 7 3 6 7 2 3 7 7 7 0 7 1 4 7 7 5 4 1 0 7 6 6 7 7 2 6 4 2 6 6 7 0 7 6 6 1 3 3 2 0 4 7 6 7 7 7 2 7 5 4 7 7 7 3 6 7 7 7 7 6 7 7 7 3 2 6 2 1 7 6 7 1 1 7 4 2 2 0 0 1 6 6 7 7 2 7 0 2 7 6 5 2 3 4 2 4 2 7 7 6 7 2 3 6 4 3 
Evaluaciones: 100031
Generaciones: 1493
Tiempo memetico completo: 320.634

<------------------------------------------------------------------------->

Ejecutando rand con 10 restricciones y semilla 28388992,
mejor valoracion ini: 45.5607
Mejor solucion Memetico Aleatoria
Error: 0
Desviacion General: 0.8528
Valoracion: 0.8528
2 0 0 1 0 0 1 2 1 2 1 0 1 2 2 1 2 0 1 0 0 1 1 2 0 0 0 2 1 1 0 0 2 2 2 1 0 2 0 1 0 1 2 0 0 2 2 2 1 2 1 1 2 1 0 0 0 2 2 0 0 0 0 0 0 0 2 0 0 2 2 0 0 0 2 2 1 2 2 0 1 1 1 1 1 1 0 1 1 1 2 1 2 2 2 1 0 0 1 1 0 2 1 2 0 1 2 0 0 1 2 2 1 1 0 0 0 1 1 2 1 2 0 2 2 1 1 1 2 2 1 0 0 1 2 1 2 2 1 1 2 2 2 1 0 2 0 1 2 0 
Evaluaciones: 100031
Generaciones: 1493
Tiempo memetico aleatorio: 33.2775

<------------------------------------------------------------------------->

mejor valoracion ini: 45.0607
Mejor solucion Memetico Completo
Error: 0
Desviacion General: 1.02027
Valoracion: 1.02027
0 2 2 1 2 2 1 0 1 0 1 2 1 0 0 1 0 2 1 2 2 1 1 0 2 2 2 0 1 1 2 2 0 0 0 1 2 0 2 1 2 1 0 2 2 0 0 0 1 0 1 1 0 1 2 2 2 0 0 2 2 2 2 2 2 2 0 2 2 0 0 2 2 2 0 0 1 0 0 2 1 1 1 1 1 1 2 1 1 1 0 1 0 0 0 1 2 2 1 1 2 0 1 0 2 1 0 2 2 1 0 0 1 1 2 2 2 1 1 0 1 0 2 0 0 1 1 1 0 0 1 2 2 1 0 1 0 0 1 1 0 0 0 1 2 0 2 1 0 2 
Evaluaciones: 100031
Generaciones: 1493
Tiempo memetico completo: 49.496

<------------------------------------------------------------------------->

Ejecutando newthyroid con 10 restricciones y semilla 28388992,
mejor valoracion ini: 222.997
Mejor solucion Memetico Aleatoria
Error: 2
Desviacion General: 1.44672
Valoracion: 1.64207
1 2 1 1 2 1 0 1 1 1 1 2 1 1 2 1 0 2 2 1 1 0 1 1 1 2 0 1 1 1 2 1 1 1 1 2 1 1 1 1 2 0 0 1 1 1 1 1 1 1 1 0 0 2 1 1 1 2 1 1 1 0 0 2 1 1 1 1 2 1 1 0 1 1 1 2 1 1 1 1 1 0 1 1 1 1 1 1 1 0 0 1 1 1 2 0 1 1 1 0 1 0 1 1 1 1 1 1 2 1 1 1 2 2 1 1 1 1 1 1 1 1 1 1 1 0 0 1 1 1 1 1 0 1 0 1 1 2 1 1 1 1 1 1 1 0 0 2 1 1 1 1 0 1 2 0 1 0 1 1 1 2 1 0 0 1 1 1 1 1 1 1 0 0 2 0 1 0 2 1 1 1 1 2 2 1 1 1 2 1 1 1 1 2 1 2 1 1 1 1 1 2 1 1 1 1 0 1 1 1 1 1 0 1 1 
Evaluaciones: 100031
Generaciones: 1493
Tiempo memetico aleatorio: 65.3331

<------------------------------------------------------------------------->

mejor valoracion ini: 222.502
Mejor solucion Memetico Completo
Error: 0
Desviacion General: 0.899679
Valoracion: 0.899679
2 1 2 2 1 2 0 2 2 2 2 1 2 2 1 2 0 1 1 2 2 0 2 2 2 0 0 2 2 2 1 2 2 2 2 1 2 2 2 2 1 0 0 2 2 2 2 2 2 2 2 0 0 1 2 2 2 1 2 2 2 0 0 1 2 2 2 2 1 2 2 0 2 2 2 1 2 2 2 2 2 0 2 2 2 2 2 2 2 0 0 2 2 2 1 0 2 2 2 0 2 0 2 2 2 2 2 2 1 2 2 2 1 1 2 2 2 2 2 2 2 2 2 2 2 0 0 2 2 2 2 2 0 2 0 2 2 1 2 2 2 2 2 2 2 0 0 1 2 2 2 2 0 2 1 0 2 0 2 2 2 1 2 0 0 2 2 2 2 2 2 2 0 0 1 0 2 0 1 2 2 2 2 1 1 2 2 2 1 2 2 2 2 1 2 1 2 2 2 2 2 1 2 2 2 2 0 2 2 2 2 2 0 2 2 
Evaluaciones: 100031
Generaciones: 1493
Tiempo memetico completo: 109.059

<------------------------------------------------------------------------->

Ejecutando iris con 20 restricciones y semilla 28388992,
mejor valoracion ini: 37.3427
Mejor solucion Memetico Aleatoria
Error: 0
Desviacion General: 0.0313668
Valoracion: 0.0313668
2 0 0 1 0 0 1 2 1 2 1 0 1 2 2 1 2 0 1 0 0 1 1 2 0 0 0 2 1 1 0 0 2 2 2 1 0 2 0 1 0 1 2 0 0 2 2 2 1 2 1 1 2 1 0 0 0 2 2 0 0 0 0 0 0 0 2 0 0 2 2 0 0 0 2 2 1 2 2 0 1 1 1 1 1 1 0 1 1 1 2 1 2 2 2 1 0 0 1 1 0 2 1 2 0 1 2 0 0 1 2 2 1 1 0 0 0 1 1 2 1 2 0 2 2 1 1 1 2 2 1 0 0 1 2 1 2 2 1 1 2 2 2 1 0 2 0 1 2 0 
Evaluaciones: 100031
Generaciones: 1493
Tiempo memetico aleatorio: 58.1292

<------------------------------------------------------------------------->

mejor valoracion ini: 37.2061
Mejor solucion Memetico Completo
Error: 0
Desviacion General: 0.0331808
Valoracion: 0.0331808
0 2 2 1 2 2 1 0 1 0 1 2 1 0 0 1 0 2 1 2 2 1 1 0 2 2 2 0 1 1 2 2 0 0 0 1 2 0 2 1 2 1 0 2 2 0 0 0 1 0 1 1 0 1 2 2 2 0 0 2 2 2 2 2 2 2 0 2 2 0 0 2 2 2 0 0 1 0 0 2 1 1 1 1 1 1 2 1 1 1 0 1 0 0 0 1 2 2 1 1 2 0 1 0 2 1 0 2 2 1 0 0 1 1 2 2 2 1 1 0 1 0 2 0 0 1 1 1 0 0 1 2 2 1 0 1 0 0 1 1 0 0 0 1 2 0 2 1 0 2 
Evaluaciones: 100031
Generaciones: 1493
Tiempo memetico completo: 86.1234

<------------------------------------------------------------------------->

mejor valoracion ini: 800.955
Mejor solucion Memetico Aleatoria
Error: 136
Desviacion General: 2.57024
Valoracion: 17.9512
1 7 7 7 7 4 1 7 7 4 7 7 4 4 1 7 4 7 5 1 6 5 7 7 1 0 7 5 7 3 7 1 1 7 7 7 1 7 3 7 4 4 4 7 5 4 1 7 1 1 4 5 4 3 7 1 2 5 1 7 7 1 5 1 7 7 0 7 7 7 7 4 7 1 7 7 1 4 1 5 7 5 6 7 7 3 1 1 7 4 7 4 2 7 4 4 7 7 7 4 7 1 5 7 1 7 5 7 1 7 7 7 7 4 7 7 1 1 7 7 7 7 1 7 1 1 7 6 7 7 7 4 0 5 1 5 5 4 7 4 4 7 1 5 7 1 7 4 7 7 4 4 4 1 5 7 7 1 1 7 1 7 1 7 7 1 0 4 1 4 6 7 7 1 1 7 1 7 7 1 7 7 7 7 7 1 7 7 1 7 7 7 7 1 7 7 7 1 1 1 3 7 4 1 5 4 4 7 5 7 4 1 6 1 7 7 7 4 7 5 7 1 7 7 7 1 2 1 1 7 7 4 1 7 4 2 7 7 7 5 7 4 5 7 7 1 5 4 1 7 1 1 7 7 2 1 6 6 1 1 7 5 7 1 1 0 4 4 5 1 5 7 1 7 7 7 2 7 1 5 7 7 7 4 3 7 7 7 7 1 7 7 7 4 6 1 4 4 7 1 7 4 4 7 5 0 6 2 0 4 1 1 7 7 4 7 5 6 7 1 1 4 5 5 2 5 6 7 7 1 7 3 4 1 0 0 
Evaluaciones: 100031
Generaciones: 1493
Tiempo memetico aleatorio: 310.736

<------------------------------------------------------------------------->

mejor valoracion ini: 800.955
Mejor solucion Memetico Completo
Error: 298
Desviacion General: 1.82549
Valoracion: 35.5279
3 6 6 6 6 7 3 6 6 7 6 6 7 7 3 6 7 6 4 3 0 5 6 6 3 0 6 4 6 2 6 3 3 6 6 6 3 6 4 6 7 7 7 6 4 7 3 6 3 3 7 0 7 7 6 3 0 4 3 6 6 3 5 4 6 6 2 6 6 6 6 7 6 3 6 6 3 7 3 4 6 5 1 6 6 0 4 3 6 7 6 7 1 6 7 7 6 6 6 7 6 3 5 6 3 6 5 6 3 6 6 6 6 7 6 6 3 3 6 6 6 6 3 6 3 3 6 2 6 6 6 7 1 5 3 5 5 7 6 7 7 6 3 5 6 3 6 7 6 6 7 7 7 3 5 6 6 3 3 6 3 6 3 6 6 3 0 7 3 7 1 6 6 3 3 6 3 6 6 3 6 6 6 6 6 3 6 6 3 6 6 6 6 3 6 6 6 3 3 3 0 6 7 3 5 7 7 6 4 6 7 4 1 3 6 6 6 7 6 5 6 3 6 6 6 3 0 3 3 6 6 7 3 6 7 7 6 6 6 4 6 7 4 6 6 3 4 7 3 6 3 3 6 6 1 3 5 2 3 3 6 4 6 3 3 1 7 7 5 3 5 6 3 6 6 6 1 6 3 5 6 6 6 7 1 6 6 6 6 3 6 6 6 7 2 3 7 7 6 3 6 7 7 6 5 1 1 0 1 7 4 3 6 6 7 6 5 0 6 2 3 7 1 4 1 4 2 6 6 3 6 1 7 3 1 2 
Evaluaciones: 100031
Generaciones: 1493
Tiempo memetico completo: 564.968

<------------------------------------------------------------------------->

Ejecutando rand con 20 restricciones y semilla 28388992,
mejor valoracion ini: 89.0074
Mejor solucion Memetico Aleatoria
Error: 0
Desviacion General: 0.763987
Valoracion: 0.763987
2 0 0 1 0 0 1 2 1 2 1 0 1 2 2 1 2 0 1 0 0 1 1 2 0 0 0 2 1 1 0 0 2 2 2 1 0 2 0 1 0 1 2 0 0 2 2 2 1 2 1 1 2 1 0 0 0 2 2 0 0 0 0 0 0 0 2 0 0 2 2 0 0 0 2 2 1 2 2 0 1 1 1 1 1 1 0 1 1 1 2 1 2 2 2 1 0 0 1 1 0 2 1 2 0 1 2 0 0 1 2 2 1 1 0 0 0 1 1 2 1 2 0 2 2 1 1 1 2 2 1 0 0 1 2 1 2 2 1 1 2 2 2 1 0 2 0 1 2 0 
Evaluaciones: 100031
Generaciones: 1493
Tiempo memetico aleatorio: 56.8227

<------------------------------------------------------------------------->

mejor valoracion ini: 88.7848
Mejor solucion Memetico Completo
Error: 0
Desviacion General: 0.8528
Valoracion: 0.8528
0 2 2 1 2 2 1 0 1 0 1 2 1 0 0 1 0 2 1 2 2 1 1 0 2 2 2 0 1 1 2 2 0 0 0 1 2 0 2 1 2 1 0 2 2 0 0 0 1 0 1 1 0 1 2 2 2 0 0 2 2 2 2 2 2 2 0 2 2 0 0 2 2 2 0 0 1 0 0 2 1 1 1 1 1 1 2 1 1 1 0 1 0 0 0 1 2 2 1 1 2 0 1 0 2 1 0 2 2 1 0 0 1 1 2 2 2 1 1 0 1 0 2 0 0 1 1 1 0 0 1 2 2 1 0 1 0 0 1 1 0 0 0 1 2 0 2 1 0 2 
Evaluaciones: 100031
Generaciones: 1493
Tiempo memetico completo: 85.4927

<------------------------------------------------------------------------->

Ejecutando newthryroid con 20 restricciones y semilla 28388992,
mejor valoracion ini: 440.804
Mejor solucion Memetico Aleatoria
Error: 0
Desviacion General: 1.38479
Valoracion: 1.38479
2 0 2 2 0 2 1 2 2 2 2 0 2 2 0 2 1 0 0 2 2 1 2 2 2 1 1 2 2 2 0 2 2 2 2 0 2 2 2 2 0 1 1 2 2 2 2 2 2 2 2 1 1 0 2 2 2 0 2 2 2 1 1 0 2 2 2 2 0 2 2 1 2 2 2 0 2 2 2 2 2 1 2 2 2 2 2 2 2 1 1 2 2 2 0 1 2 2 2 1 2 1 2 2 2 2 2 2 0 2 2 2 0 0 2 2 2 2 2 2 2 2 2 2 2 1 1 2 2 2 2 2 1 2 1 2 2 0 2 2 2 2 2 2 2 1 1 0 2 2 2 2 1 2 0 1 2 1 2 2 2 0 2 1 1 2 2 2 2 2 2 2 1 1 0 1 2 1 0 2 2 2 2 0 0 2 2 2 0 2 2 2 2 0 2 0 2 2 2 2 2 0 2 2 2 2 1 2 2 2 2 2 1 2 2 
Evaluaciones: 100031
Generaciones: 1493
Tiempo memetico aleatorio: 113.801

<------------------------------------------------------------------------->

mejor valoracion ini: 440.804
Mejor solucion Memetico Completo
Error: 0
Desviacion General: 1.29815
Valoracion: 1.29815
0 2 0 0 2 0 1 0 0 0 0 2 0 0 2 0 1 2 2 0 0 1 0 0 0 1 1 0 0 0 2 0 0 0 0 2 0 0 0 0 2 1 1 0 0 0 0 0 0 0 0 1 1 2 0 0 0 2 0 0 0 1 1 2 0 0 0 0 2 0 0 1 0 0 0 2 0 0 0 0 0 1 0 0 0 0 0 0 0 1 1 0 0 0 2 1 0 0 0 1 0 1 0 0 0 0 0 0 2 0 0 0 2 2 0 0 0 0 0 0 0 0 0 0 0 1 1 0 0 0 0 0 1 0 1 0 0 2 0 0 0 0 0 0 0 1 1 2 0 0 0 0 1 0 2 1 0 1 0 0 0 2 0 1 1 0 0 0 0 0 0 0 1 1 2 1 0 1 2 0 0 0 0 2 2 0 0 0 2 0 0 0 0 2 0 2 0 0 0 0 0 2 0 0 0 0 1 0 0 0 0 0 1 0 0 
Evaluaciones: 100031
Generaciones: 1493
Tiempo memetico completo: 190.23

<------------------------------------------------------------------------->

Ejecutando iris con 10 restricciones y semilla 9987479
mejor valoracion ini: 18.3939
Mejor solucion Memetico Aleatoria
Error: 0
Desviacion General: 0.0312213
Valoracion: 0.0312213
1 0 0 2 0 0 2 1 2 1 2 0 2 1 1 2 1 0 2 0 0 2 2 1 0 0 0 1 2 2 0 0 1 1 1 2 0 1 0 2 0 2 1 0 0 1 1 1 2 1 2 2 1 2 0 0 0 1 1 0 0 0 0 0 0 0 1 0 0 1 1 0 0 0 1 1 2 1 1 0 2 2 2 2 2 2 0 2 2 2 1 2 1 1 1 2 0 0 2 2 0 1 2 1 0 2 1 0 0 2 1 1 2 2 0 0 0 2 2 1 2 1 0 1 1 2 2 2 1 1 2 0 0 2 1 2 1 1 2 2 1 1 1 2 0 1 0 2 1 0 
Evaluaciones: 100031
Generaciones: 1493
Tiempo memetico aleatorio: 32.9771

<------------------------------------------------------------------------->

mejor valoracion ini: 18.3939
Mejor solucion Memetico Completo
Error: 0
Desviacion General: 0.0461191
Valoracion: 0.0461191
2 0 0 1 0 0 1 2 1 2 1 0 1 2 2 1 2 0 1 0 0 1 1 2 0 0 0 2 1 1 0 0 2 2 2 1 0 2 0 1 0 1 2 0 0 2 2 2 1 2 1 1 2 1 0 0 0 2 2 0 0 0 0 0 0 0 2 0 0 2 2 0 0 0 2 2 1 2 2 0 1 1 1 1 1 1 0 1 1 1 2 1 2 2 2 1 0 0 1 1 0 2 1 2 0 1 2 0 0 1 2 2 1 1 0 0 0 1 1 2 1 2 0 2 2 1 1 1 2 2 1 0 0 1 2 1 2 2 1 1 2 2 2 1 0 2 0 1 2 0 
Evaluaciones: 100031
Generaciones: 1493
Tiempo memetico completo: 48.9109

<------------------------------------------------------------------------->

Ejecutando ecoli con 10 restricciones y semilla 9987479
mejor valoracion ini: 402.429
Mejor solucion Memetico Aleatoria
Error: 206
Desviacion General: 1.4431
Valoracion: 24.7407
2 6 6 6 6 0 2 6 6 0 6 6 5 4 2 6 5 6 7 2 7 7 6 6 2 1 6 3 6 3 6 2 2 6 6 6 2 6 5 6 0 7 0 6 7 5 2 6 2 2 0 3 0 0 6 2 0 5 2 6 6 2 3 2 6 6 7 6 6 6 6 5 6 2 6 6 2 5 2 4 6 4 4 6 6 3 2 2 6 5 6 5 1 6 0 5 6 6 6 5 6 2 3 6 2 6 4 6 2 6 6 6 6 0 6 6 2 2 6 6 6 6 2 6 2 2 6 0 6 6 6 5 1 7 2 4 4 0 6 0 0 6 2 7 6 2 6 0 6 6 0 0 5 2 5 6 6 2 2 6 2 6 2 6 6 2 4 0 2 5 7 6 6 2 2 6 2 6 6 2 6 6 6 6 6 2 6 6 2 6 6 6 6 2 6 6 6 2 2 2 7 6 0 2 7 0 0 6 4 6 0 2 1 2 6 6 6 5 6 3 6 2 6 6 6 2 7 2 2 6 6 0 2 6 0 0 6 6 6 3 6 5 7 6 6 2 3 0 2 6 2 2 6 6 4 2 3 7 2 2 6 3 6 2 2 3 5 5 0 2 7 6 2 6 6 6 1 6 2 7 6 6 6 5 4 6 6 6 6 2 6 6 6 4 3 2 0 0 6 0 6 4 4 6 4 1 1 4 4 0 2 2 6 6 0 6 7 4 6 2 2 0 4 4 1 4 7 6 6 2 6 1 5 2 3 3 
Evaluaciones: 100031
Generaciones: 1493
Tiempo memetico aleatorio: 183.583

<------------------------------------------------------------------------->

mejor valoracion ini: 402.429
Mejor solucion Memetico Completo
Error: 169
Desviacion General: 1.44475
Valoracion: 20.5578
6 4 4 4 4 7 6 4 4 1 4 4 1 7 6 4 2 4 3 6 0 2 4 4 6 2 4 5 4 1 4 6 6 4 4 4 6 4 7 4 1 1 1 4 0 7 6 4 6 6 7 7 7 2 4 6 5 3 6 4 4 6 5 6 4 4 3 4 4 4 4 1 4 6 4 4 6 1 6 7 4 7 2 4 4 0 6 6 4 1 4 1 1 4 1 2 4 4 4 1 4 6 0 4 6 4 0 4 6 4 4 4 4 7 4 4 6 6 4 4 4 4 6 4 6 6 4 1 4 4 4 7 3 0 6 0 5 1 4 1 7 4 6 7 4 6 4 1 4 4 1 1 1 6 2 4 4 6 6 4 6 4 6 4 4 6 3 7 6 3 3 4 4 6 6 4 6 4 4 6 4 4 4 4 4 6 4 4 6 4 4 4 4 6 4 4 4 6 6 6 0 4 7 6 5 1 1 4 7 4 7 6 3 6 4 4 4 1 4 7 4 6 4 4 4 6 7 6 6 4 4 1 6 4 7 1 4 4 4 0 4 1 5 4 4 6 0 1 6 4 6 6 4 4 3 6 2 5 6 6 4 0 4 6 6 3 1 1 7 6 0 4 6 4 4 4 3 4 6 5 4 4 4 1 2 4 4 4 4 6 4 4 4 1 0 6 1 1 4 6 4 7 1 4 0 3 3 3 3 7 6 6 4 4 7 4 7 3 4 6 6 7 2 0 3 0 0 4 4 6 4 2 2 6 0 0 
Evaluaciones: 100031
Generaciones: 1493
Tiempo memetico completo: 324.627

<------------------------------------------------------------------------->

Ejecutando rand con 10 restricciones y semilla 9987479
mejor valoracion ini: 44.7372
Mejor solucion Memetico Aleatoria
Error: 0
Desviacion General: 1.04307
Valoracion: 1.04307
0 2 2 1 2 2 1 0 1 0 1 2 1 0 0 1 0 2 1 2 2 1 1 0 2 2 2 0 1 1 2 2 0 0 0 1 2 0 2 1 2 1 0 2 2 0 0 0 1 0 1 1 0 1 2 2 2 0 0 2 2 2 2 2 2 2 0 2 2 0 0 2 2 2 0 0 1 0 0 2 1 1 1 1 1 1 2 1 1 1 0 1 0 0 0 1 2 2 1 1 2 0 1 0 2 1 0 2 2 1 0 0 1 1 2 2 2 1 1 0 1 0 2 0 0 1 1 1 0 0 1 2 2 1 0 1 0 0 1 1 0 0 0 1 2 0 2 1 0 2 
Evaluaciones: 100031
Generaciones: 1493
Tiempo memetico aleatorio: 33.3068

<------------------------------------------------------------------------->

mejor valoracion ini: 44.7372
Mejor solucion Memetico Completo
Error: 0
Desviacion General: 0.924422
Valoracion: 0.924422
2 0 0 1 0 0 1 2 1 2 1 0 1 2 2 1 2 0 1 0 0 1 1 2 0 0 0 2 1 1 0 0 2 2 2 1 0 2 0 1 0 1 2 0 0 2 2 2 1 2 1 1 2 1 0 0 0 2 2 0 0 0 0 0 0 0 2 0 0 2 2 0 0 0 2 2 1 2 2 0 1 1 1 1 1 1 0 1 1 1 2 1 2 2 2 1 0 0 1 1 0 2 1 2 0 1 2 0 0 1 2 2 1 1 0 0 0 1 1 2 1 2 0 2 2 1 1 1 2 2 1 0 0 1 2 1 2 2 1 1 2 2 2 1 0 2 0 1 2 0 
Evaluaciones: 100031
Generaciones: 1493
Tiempo memetico completo: 49.2115

<------------------------------------------------------------------------->

Ejecutando newthyroid con 10 restricciones y semilla 9987479
mejor valoracion ini: 210.743
Mejor solucion Memetico Aleatoria
Error: 0
Desviacion General: 1.32486
Valoracion: 1.32486
0 1 0 0 1 0 2 0 0 0 0 1 0 0 1 0 2 1 1 0 0 2 0 0 0 2 2 0 0 0 1 0 0 0 0 1 0 0 0 0 1 2 2 0 0 0 0 0 0 0 0 2 2 1 0 0 0 1 0 0 0 2 2 1 0 0 0 0 1 0 0 2 0 0 0 1 0 0 0 0 0 2 0 0 0 0 0 0 0 2 2 0 0 0 1 2 0 0 0 2 0 2 0 0 0 0 0 0 1 0 0 0 1 1 0 0 0 0 0 0 0 0 0 0 0 2 2 0 0 0 0 0 2 0 2 0 0 1 0 0 0 0 0 0 0 2 2 1 0 0 0 0 2 0 1 2 0 2 0 0 0 1 0 2 2 0 0 0 0 0 0 0 2 2 1 2 0 2 1 0 0 0 0 1 1 0 0 0 1 0 0 0 0 1 0 1 0 0 0 0 0 1 0 0 0 0 2 0 0 0 0 0 2 0 0 
Evaluaciones: 100031
Generaciones: 1493
Tiempo memetico aleatorio: 64.8593

<------------------------------------------------------------------------->

mejor valoracion ini: 210.743
Mejor solucion Memetico Completo
Error: 0
Desviacion General: 1.23702
Valoracion: 1.23702
2 1 2 2 1 2 0 2 2 2 2 1 2 2 1 2 0 1 1 2 2 0 2 2 2 0 0 2 2 2 1 2 2 2 2 1 2 2 2 2 1 0 0 2 2 2 2 2 2 2 2 0 0 1 2 2 2 1 2 2 2 0 0 1 2 2 2 2 1 2 2 0 2 2 2 1 2 2 2 2 2 0 2 2 2 2 2 2 2 0 0 2 2 2 1 0 2 2 2 0 2 0 2 2 2 2 2 2 1 2 2 2 1 1 2 2 2 2 2 2 2 2 2 2 2 0 0 2 2 2 2 2 0 2 0 2 2 1 2 2 2 2 2 2 2 0 0 1 2 2 2 2 0 2 1 0 2 0 2 2 2 1 2 0 0 2 2 2 2 2 2 2 0 0 1 0 2 0 1 2 2 2 2 1 1 2 2 2 1 2 2 2 2 1 2 1 2 2 2 2 2 1 2 2 2 2 0 2 2 2 2 2 0 2 2 
Evaluaciones: 100031
Generaciones: 1493
Tiempo memetico completo: 109.504

<------------------------------------------------------------------------->

Ejecutando iris con 20 restricciones y semilla 9987479
mejor valoracion ini: 37.6653
Mejor solucion Memetico Aleatoria
Error: 0
Desviacion General: 0.0290847
Valoracion: 0.0290847
0 1 1 2 1 1 2 0 2 0 2 1 2 0 0 2 0 1 2 1 1 2 2 0 1 1 1 0 2 2 1 1 0 0 0 2 1 0 1 2 1 2 0 1 1 0 0 0 2 0 2 2 0 2 1 1 1 0 0 1 1 1 1 1 1 1 0 1 1 0 0 1 1 1 0 0 2 0 0 1 2 2 2 2 2 2 1 2 2 2 0 2 0 0 0 2 1 1 2 2 1 0 2 0 1 2 0 1 1 2 0 0 2 2 1 1 1 2 2 0 2 0 1 0 0 2 2 2 0 0 2 1 1 2 0 2 0 0 2 2 0 0 0 2 1 0 1 2 0 1 
Evaluaciones: 100031
Generaciones: 1493
Tiempo memetico aleatorio: 57.4356

<------------------------------------------------------------------------->

mejor valoracion ini: 37.3344
Mejor solucion Memetico Completo
Error: 0
Desviacion General: 0.027954
Valoracion: 0.027954
1 2 2 0 2 2 0 1 0 1 0 2 0 1 1 0 1 2 0 2 2 0 0 1 2 2 2 1 0 0 2 2 1 1 1 0 2 1 2 0 2 0 1 2 2 1 1 1 0 1 0 0 1 0 2 2 2 1 1 2 2 2 2 2 2 2 1 2 2 1 1 2 2 2 1 1 0 1 1 2 0 0 0 0 0 0 2 0 0 0 1 0 1 1 1 0 2 2 0 0 2 1 0 1 2 0 1 2 2 0 1 1 0 0 2 2 2 0 0 1 0 1 2 1 1 0 0 0 1 1 0 2 2 0 1 0 1 1 0 0 1 1 1 0 2 1 2 0 1 2 
Evaluaciones: 100031
Generaciones: 1493
Tiempo memetico completo: 86.1413

<------------------------------------------------------------------------->

mejor valoracion ini: 806.459
Mejor solucion Memetico Aleatoria
Error: 664
Desviacion General: 1.88414
Valoracion: 76.9794
1 2 2 2 2 7 1 2 2 7 2 2 6 6 1 2 7 2 3 1 0 5 2 2 1 4 2 3 2 0 2 1 1 2 2 2 1 2 3 2 7 6 6 2 4 7 1 2 1 1 6 3 7 7 2 1 7 5 1 2 2 1 3 1 2 2 6 2 2 2 2 6 2 1 2 2 1 7 1 3 2 5 5 2 2 4 1 1 2 7 2 7 4 2 6 7 2 2 2 7 2 1 3 2 1 2 4 2 1 2 2 2 2 7 2 2 1 1 2 2 2 2 1 2 0 1 2 6 2 2 2 6 6 1 0 7 3 7 2 6 7 2 1 4 2 1 2 7 2 2 7 6 7 1 3 2 2 1 1 2 1 2 1 2 2 1 4 6 1 7 5 2 2 1 0 2 1 2 2 1 2 2 2 2 2 1 2 2 1 2 2 2 2 1 2 2 2 1 1 1 3 2 6 1 5 7 6 2 5 2 6 1 6 1 2 2 2 7 2 5 2 1 2 2 2 1 4 1 1 2 2 7 1 2 6 7 2 2 2 3 2 7 5 2 2 1 4 6 1 2 1 1 2 2 4 1 3 3 1 1 2 3 2 1 0 6 7 7 4 1 4 2 1 2 2 2 4 2 0 3 2 2 2 6 4 2 2 2 2 1 2 2 2 6 5 1 7 6 2 1 2 7 7 2 5 3 0 4 6 7 1 1 2 2 6 2 4 0 2 1 1 7 4 4 0 4 7 2 2 1 2 0 7 1 5 0 
Evaluaciones: 100031
Generaciones: 1493
Tiempo memetico aleatorio: 318.661

<------------------------------------------------------------------------->

mejor valoracion ini: 806.459
Mejor solucion Memetico Completo
Error: 150
Desviacion General: 2.83168
Valoracion: 19.796
7 5 5 5 5 2 7 5 5 2 5 5 2 2 7 5 2 5 3 7 6 3 5 5 7 4 5 3 5 4 5 7 7 5 5 5 7 5 3 5 2 2 2 5 3 2 7 5 7 7 2 6 2 2 5 7 6 3 7 5 5 7 3 7 5 5 1 5 5 5 5 2 5 7 5 5 7 2 7 3 5 6 6 5 5 6 7 7 5 2 5 2 6 5 2 2 5 5 5 2 5 7 3 5 7 5 3 5 7 5 5 5 5 2 5 5 7 7 5 5 5 5 7 5 7 7 5 0 5 5 5 2 4 3 7 3 3 2 5 2 2 5 7 3 5 7 5 2 5 5 2 2 2 7 3 5 5 7 7 5 7 5 7 5 5 7 3 2 7 0 4 5 5 7 7 5 7 5 5 7 5 5 5 5 5 7 5 5 7 5 5 5 5 7 5 5 5 7 7 7 1 5 2 7 3 2 2 5 1 5 2 7 1 7 5 5 5 2 5 3 5 7 5 5 5 7 3 7 7 5 5 2 7 5 2 2 5 5 5 3 5 2 0 5 5 7 3 2 7 5 7 7 5 5 1 7 6 4 7 7 5 3 5 7 7 4 2 2 3 7 3 5 7 5 5 5 6 5 7 3 5 5 5 2 6 5 5 5 5 7 5 5 5 2 0 7 2 2 5 7 5 2 2 5 3 6 0 6 6 2 7 7 5 5 2 5 3 6 5 7 7 2 6 1 6 3 1 5 5 7 5 6 2 7 1 1 
Evaluaciones: 100031
Generaciones: 1493
Tiempo memetico completo: 555.762

<------------------------------------------------------------------------->

Ejecutando rand con 20 restricciones y semilla 9987479
mejor valoracion ini: 89.3472
Mejor solucion Memetico Aleatoria
Error: 0
Desviacion General: 0.88264
Valoracion: 0.88264
0 2 2 1 2 2 1 0 1 0 1 2 1 0 0 1 0 2 1 2 2 1 1 0 2 2 2 0 1 1 2 2 0 0 0 1 2 0 2 1 2 1 0 2 2 0 0 0 1 0 1 1 0 1 2 2 2 0 0 2 2 2 2 2 2 2 0 2 2 0 0 2 2 2 0 0 1 0 0 2 1 1 1 1 1 1 2 1 1 1 0 1 0 0 0 1 2 2 1 1 2 0 1 0 2 1 0 2 2 1 0 0 1 1 2 2 2 1 1 0 1 0 2 0 0 1 1 1 0 0 1 2 2 1 0 1 0 0 1 1 0 0 0 1 2 0 2 1 0 2 
Evaluaciones: 100031
Generaciones: 1493
Tiempo memetico aleatorio: 56.131

<------------------------------------------------------------------------->

mejor valoracion ini: 87.7882
Mejor solucion Memetico Completo
Error: 0
Desviacion General: 0.90896
Valoracion: 0.90896
2 0 0 1 0 0 1 2 1 2 1 0 1 2 2 1 2 0 1 0 0 1 1 2 0 0 0 2 1 1 0 0 2 2 2 1 0 2 0 1 0 1 2 0 0 2 2 2 1 2 1 1 2 1 0 0 0 2 2 0 0 0 0 0 0 0 2 0 0 2 2 0 0 0 2 2 1 2 2 0 1 1 1 1 1 1 0 1 1 1 2 1 2 2 2 1 0 0 1 1 0 2 1 2 0 1 2 0 0 1 2 2 1 1 0 0 0 1 1 2 1 2 0 2 2 1 1 1 2 2 1 0 0 1 2 1 2 2 1 1 2 2 2 1 0 2 0 1 2 0 
Evaluaciones: 100031
Generaciones: 1493
Tiempo memetico completo: 84.4105

<------------------------------------------------------------------------->

Ejecutando newthryroid con 20 restricciones y semilla 9987479
mejor valoracion ini: 429.827
Mejor solucion Memetico Aleatoria
Error: 0
Desviacion General: 1.40934
Valoracion: 1.40934
0 1 0 0 1 0 2 0 0 0 0 1 0 0 1 0 2 1 1 0 0 2 0 0 0 2 2 0 0 0 1 0 0 0 0 1 0 0 0 0 1 2 2 0 0 0 0 0 0 0 0 2 2 1 0 0 0 1 0 0 0 2 2 1 0 0 0 0 1 0 0 2 0 0 0 1 0 0 0 0 0 2 0 0 0 0 0 0 0 2 2 0 0 0 1 2 0 0 0 2 0 2 0 0 0 0 0 0 1 0 0 0 1 1 0 0 0 0 0 0 0 0 0 0 0 2 2 0 0 0 0 0 2 0 2 0 0 1 0 0 0 0 0 0 0 2 2 1 0 0 0 0 2 0 1 2 0 2 0 0 0 1 0 2 2 0 0 0 0 0 0 0 2 2 1 2 0 2 1 0 0 0 0 1 1 0 0 0 1 0 0 0 0 1 0 1 0 0 0 0 0 1 0 0 0 0 2 0 0 0 0 0 2 0 0 
Evaluaciones: 100031
Generaciones: 1493
Tiempo memetico aleatorio: 114.857

<------------------------------------------------------------------------->

mejor valoracion ini: 429.827
Mejor solucion Memetico Completo
Error: 0
Desviacion General: 0.264819
Valoracion: 0.264819
0 2 0 0 2 0 1 0 0 0 0 2 0 0 2 0 1 2 2 0 0 1 0 0 0 1 1 0 0 0 2 0 0 0 0 2 0 0 0 0 2 1 1 0 0 0 0 0 0 0 0 1 1 2 0 0 0 2 0 0 0 1 1 2 0 0 0 0 2 0 0 1 0 0 0 2 0 0 0 0 0 1 0 0 0 0 0 0 0 1 1 0 0 0 2 1 0 0 0 1 0 1 0 0 0 0 0 0 2 0 0 0 2 2 0 0 0 0 0 0 0 0 0 0 0 1 1 0 0 0 0 0 1 0 1 0 0 2 0 0 0 0 0 0 0 1 1 2 0 0 0 0 1 0 2 1 0 1 0 0 0 2 0 1 1 0 0 0 0 0 0 0 1 1 2 1 0 1 2 0 0 0 0 2 2 0 0 0 2 0 0 0 0 2 0 2 0 0 0 0 0 2 0 0 0 0 1 0 0 0 0 0 1 0 0 
Evaluaciones: 100031
Generaciones: 1493
Tiempo memetico completo: 187.097

<------------------------------------------------------------------------->

